0.0000000000000000 0.0000000000000000
0.0010000000000000 0.0043707976956054
0.0020000000000000 0.0087500093880112
0.0030000000000000 0.0131294398904162
0.0040000000000000 0.0175088703928211
0.0050000000000000 0.0218883008952261
0.0060000000000000 0.0262677313976311
0.0070000000000000 0.0306471619000360
0.0080000000000000 0.0350265924024410
0.0090000000000000 0.0394065091364670
0.0100000000000000 0.0437938137339429
0.0110000000000000 0.0481787794184654
0.0120000000000000 0.0525637451029878
0.0130000000000000 0.0569487107875103
0.0140000000000000 0.0613336764720328
0.0150000000000000 0.0657186421565552
0.0160000000000000 0.0701300622767761
0.0170000000000000 0.0745437531050794
0.0180000000000000 0.0789574439333827
0.0190000000000000 0.0833945580814649
0.0200000000000000 0.0878342815105410
0.0210000000000000 0.0922521408349046
0.0220000000000000 0.0966618262577212
0.0230000000000000 0.1010715116805377
0.0240000000000000 0.1054811971033543
0.0250000000000000 0.1098908825261709
0.0260000000000000 0.1143005679489874
0.0270000000000000 0.1187200962966957
0.0280000000000000 0.1231627185776090
0.0290000000000000 0.1276053408585224
0.0300000000000000 0.1320479631394358
0.0310000000000000 0.1364905854203491
0.0320000000000000 0.1409321910482497
0.0330000000000000 0.1453647412713200
0.0340000000000000 0.1498229464040836
0.0350000000000000 0.1542934065877754
0.0360000000000000 0.1587753688047875
0.0370000000000000 0.1632573310217999
0.0380000000000000 0.1677392932388121
0.0390000000000000 0.1722212554558245
0.0400000000000000 0.1767032176728367
0.0410000000000000 0.1811855880474926
0.0420000000000000 0.1856835705689869
0.0430000000000000 0.1901815530904809
0.0440000000000000 0.1946795356119751
0.0450000000000000 0.1991775181334691
0.0460000000000000 0.2036755006549632
0.0470000000000000 0.2081734831764573
0.0480000000000000 0.2126816101560713
0.0490000000000000 0.2172451662336260
0.0500000000000000 0.2218249589332909
0.0510000000000000 0.2263691181259829
0.0520000000000000 0.2309132773186749
0.0530000000000000 0.2354574365113666
0.0540000000000000 0.2400015957040588
0.0550000000000000 0.2445457548967508
0.0560000000000000 0.2490899140894428
0.0570000000000000 0.2536340732821348
0.0580000000000000 0.2581782324748267
0.0590000000000000 0.2627908811328441
0.0600000000000000 0.2674310404381990
0.0610000000000000 0.2719984103266920
0.0620000000000000 0.2765558153575169
0.0630000000000000 0.2811132203883422
0.0640000000000000 0.2856706254191672
0.0650000000000000 0.2902050143820574
0.0660000000000000 0.2947312286949011
0.0670000000000000 0.2992574430077450
0.0680000000000000 0.3037836573205884
0.0690000000000000 0.3083098716334322
0.0700000000000000 0.3128360859462756
0.0710000000000000 0.3174166078108659
0.0720000000000000 0.3220752629031094
0.0730000000000000 0.3267339179953525
0.0740000000000000 0.3312019822845542
0.0750000000000000 0.3356533575416968
0.0760000000000000 0.3401047327988392
0.0770000000000000 0.3445561080559817
0.0780000000000000 0.3490074833131243
0.0790000000000000 0.3534868082363538
0.0800000000000000 0.3579573961311245
0.0810000000000000 0.3622863792748074
0.0820000000000000 0.3666153624184909
0.0830000000000000 0.3709443455621746
0.0840000000000000 0.3752733287058582
0.0850000000000000 0.3796023118495417
0.0860000000000000 0.3839312949932253
0.0870000000000000 0.3882602781369089
0.0880000000000000 0.3926574626913850
0.0890000000000000 0.3970834401011169
0.0900000000000000 0.4013640292433307
0.0910000000000000 0.4056109445282887
0.0920000000000000 0.4097056262264714
0.0930000000000000 0.4137652576597037
0.0940000000000000 0.4178248890929352
0.0950000000000000 0.4218845205261675
0.0960000000000000 0.4258987070996381
0.0970000000000000 0.4299078917379475
0.0980000000000000 0.4339170763762571
0.0990000000000000 0.4379262610145657
0.1000000000000000 0.4419354456528753
0.1010000000000000 0.4459446302911841
0.1020000000000000 0.4499538149294927
0.1030000000000000 0.4539694493693756
0.1040000000000000 0.4587308764119471
0.1050000000000000 0.4635421081271911
0.1060000000000000 0.4683533398424355
0.1070000000000000 0.4731645715576799
0.1080000000000000 0.4779758032729234
0.1090000000000000 0.4827870349881677
0.1100000000000000 0.4873208781503733
0.1110000000000000 0.4945944059226647
0.1120000000000000 0.5014984145635046
0.1130000000000000 0.5052824617761427
0.1140000000000000 0.5090665089887810
0.1150000000000000 0.5128505562014192
0.1160000000000000 0.5166346034140572
0.1170000000000000 0.5204186506266953
0.1180000000000000 0.5242026978393334
0.1190000000000000 0.5279867450519717
0.1200000000000000 0.5317707922646087
0.1210000000000000 0.5355536232112080
0.1220000000000000 0.5393119756801527
0.1230000000000000 0.5430703281490973
0.1240000000000000 0.5468286806180419
0.1250000000000000 0.5505870330869865
0.1260000000000000 0.5544751249035452
0.1270000000000000 0.5589363104451930
0.1280000000000000 0.5634559182543661
0.1290000000000000 0.5681645910127173
0.1300000000000000 0.5728732637710700
0.1310000000000000 0.5775819365294226
0.1320000000000000 0.5822906092877758
0.1330000000000000 0.5869992820461263
0.1340000000000000 0.5887312633491759
0.1350000000000000 0.5898602062400141
0.1360000000000000 0.5909891491308514
0.1370000000000000 0.5921180920216889
0.1380000000000000 0.5932470349125261
0.1390000000000000 0.5943759778033634
0.1400000000000000 0.5955049206942007
0.1410000000000000 0.5966338635850380
0.1420000000000000 0.5977628064758752
0.1430000000000000 0.5988917493667125
0.1440000000000000 0.5977803286120804
0.1450000000000000 0.5971360380155588
0.1460000000000000 0.5964917474190393
0.1470000000000000 0.5958474568225204
0.1480000000000000 0.5952166280181492
0.1490000000000000 0.5947262544371509
0.1500000000000000 0.5942358808561512
0.1510000000000000 0.5937455072751536
0.1520000000000000 0.5932551336941543
0.1530000000000000 0.5927647601131546
0.1540000000000000 0.5922743865321570
0.1550000000000000 0.5917840129511577
0.1560000000000000 0.5912936393701580
0.1570000000000000 0.5908032657891594
0.1580000000000000 0.5903128922081611
0.1590000000000000 0.5893726911233342
0.1600000000000000 0.5880991511828149
0.1610000000000000 0.5868256112422914
0.1620000000000000 0.5855520713017721
0.1630000000000000 0.5842785313612506
0.1640000000000000 0.5834664010507623
0.1650000000000000 0.5827817705056753
0.1660000000000000 0.5820971399605882
0.1670000000000000 0.5814125094155022
0.1680000000000000 0.5807278788704151
0.1690000000000000 0.5800432483253291
0.1700000000000000 0.5789890095476703
0.1710000000000000 0.5775481695818749
0.1720000000000000 0.5761073296160795
0.1730000000000000 0.5752236578517497
0.1740000000000000 0.5746018308206856
0.1750000000000000 0.5739800037896235
0.1760000000000000 0.5733581767585575
0.1770000000000000 0.5727363497274954
0.1780000000000000 0.5719092220176125
0.1790000000000000 0.5707806430464695
0.1800000000000000 0.5700905278394061
0.1810000000000000 0.5695525942817031
0.1820000000000000 0.5690146607240023
0.1830000000000000 0.5684767271663015
0.1840000000000000 0.5679387936086017
0.1850000000000000 0.5674008600509007
0.1860000000000000 0.5668629264931999
0.1870000000000000 0.5666972953313221
0.1880000000000000 0.5665981530524036
0.1890000000000000 0.5664990107734880
0.1900000000000000 0.5663998684945695
0.1910000000000000 0.5663007262156509
0.1920000000000000 0.5662015839367344
0.1930000000000000 0.5660738381630026
0.1940000000000000 0.5654162971858981
0.1950000000000000 0.5647587562087927
0.1960000000000000 0.5641012152316888
0.1970000000000000 0.5636094976609543
0.1980000000000000 0.5631909572831785
0.1990000000000000 0.5628069019306907
0.2000000000000000 0.5627139962265509
0.2010000000000000 0.5626210905224117
0.2020000000000000 0.5625281848182718
0.2030000000000000 0.5624352791141320
0.2040000000000000 0.5623423734099904
0.2050000000000000 0.5621265604290452
0.2060000000000000 0.5618890557297644
0.2070000000000000 0.5618136547500319
0.2080000000000000 0.5617382537703011
0.2090000000000000 0.5616628527905700
0.2100000000000000 0.5615874518108394
0.2110000000000000 0.5615120508311067
0.2120000000000000 0.5617569038284973
0.2130000000000000 0.5627672434605879
0.2140000000000000 0.5637775830926784
0.2150000000000000 0.5647454227150281
0.2160000000000000 0.5656363791044254
0.2170000000000000 0.5665273354938211
0.2180000000000000 0.5674182918832142
0.2190000000000000 0.5683092482726099
0.2200000000000000 0.5707442654725681
0.2210000000000000 0.5735103679896540
0.2220000000000000 0.5762764705067426
0.2230000000000000 0.5790425730238312
0.2240000000000000 0.5818086755409199
0.2250000000000000 0.5857387274970201
0.2260000000000000 0.5919915345486612
0.2270000000000000 0.6003960286555061
0.2280000000000000 0.6110975240688316
0.2290000000000000 0.6216194666077151
0.2300000000000000 0.6321180629916323
0.2310000000000000 0.6426166593755521
0.2320000000000000 0.6531152557594719
0.2330000000000000 0.6636138521433917
0.2340000000000000 0.6741124485273090
0.2350000000000000 0.6846110449112288
0.2360000000000000 0.6959773569535772
0.2370000000000000 0.7087758668047665
0.2380000000000000 0.7215743766559526
0.2390000000000000 0.7352567389091007
0.2400000000000000 0.7492292571868145
0.2410000000000000 0.7632017754645284
0.2420000000000000 0.7771742937422375
0.2430000000000000 0.7894719642363248
0.2440000000000000 0.8010323528969511
0.2450000000000000 0.8125927415575760
0.2460000000000000 0.8241531302182009
0.2470000000000000 0.8357135188788258
0.2480000000000000 0.8475203860501038
0.2490000000000000 0.8558316512426992
0.2500000000000000 0.8638071941265599
0.2510000000000000 0.8720010587218379
0.2520000000000000 0.8801949233171218
0.2530000000000000 0.8883887879123956
0.2540000000000000 0.8965826525076737
0.2550000000000000 0.9047765171029516
0.2560000000000000 0.9121037219746486
0.2570000000000000 0.9171936663404898
0.2580000000000000 0.9209557071988806
0.2590000000000000 0.9246813066454599
0.2600000000000000 0.9283938862461606
0.2610000000000000 0.9321064658468554
0.2620000000000000 0.9358190454475537
0.2630000000000000 0.9395316250482486
0.2640000000000000 0.9432442046489493
0.2650000000000000 0.9469567842496442
0.2660000000000000 0.9506693638503425
0.2670000000000000 0.9536090381084441
0.2680000000000000 0.9556987602721102
0.2690000000000000 0.9577884824357901
0.2700000000000000 0.9596078842546847
0.2710000000000000 0.9613071768913154
0.2720000000000000 0.9630064695279462
0.2730000000000000 0.9647057621645702
0.2740000000000000 0.9664050548012009
0.2750000000000000 0.9678583949262635
0.2760000000000000 0.9691913355671175
0.2770000000000000 0.9703529260616399
0.2780000000000000 0.9714778380067186
0.2790000000000000 0.9726027499517893
0.2800000000000000 0.9737276618968678
0.2810000000000000 0.9748525738419387
0.2820000000000000 0.9757641788799210
0.2830000000000000 0.9766381889414277
0.2840000000000000 0.9775121990029346
0.2850000000000000 0.9783571577752285
0.2860000000000000 0.9791000767687650
0.2870000000000000 0.9798429957623014
0.2880000000000000 0.9805859147558378
0.2890000000000000 0.9813288337493742
0.2900000000000000 0.9820073432833336
0.2910000000000000 0.9825965954053549
0.2920000000000000 0.9831858475273849
0.2930000000000000 0.9837750996494063
0.2940000000000000 0.9843643517714348
0.2950000000000000 0.9849536038934561
0.2960000000000000 0.9855134934515858
0.2970000000000000 0.9859628717184561
0.2980000000000000 0.9864095900140319
0.2990000000000000 0.9868563083096044
0.3000000000000000 0.9873030266051732
0.3010000000000000 0.9877497449007491
0.3020000000000000 0.9881964631963214
0.3030000000000000 0.9886431814918938
0.3040000000000000 0.9890657828138815
0.3050000000000000 0.9893697228656428
0.3060000000000000 0.9896736629174077
0.3070000000000000 0.9899776029691760
0.3080000000000000 0.9902815430209411
0.3090000000000000 0.9905854830727092
0.3100000000000000 0.9908894231244705
0.3110000000000000 0.9911933631762391
0.3120000000000000 0.9914973032280038
0.3130000000000000 0.9918117530976341
0.3140000000000000 0.9921272307778548
0.3150000000000000 0.9924427084580648
0.3160000000000000 0.9927581861382767
0.3170000000000000 0.9929728330128371
0.3180000000000000 0.9931847798871812
0.3190000000000000 0.9933967267615280
0.3200000000000000 0.9936086736358712
0.3210000000000000 0.9938206205102170
0.3220000000000000 0.9940325673845620
0.3230000000000000 0.9942317395898195
0.3240000000000000 0.9944051432362899
0.3250000000000000 0.9945785468827606
0.3260000000000000 0.9947519505292364
0.3270000000000000 0.9949253541757079
0.3280000000000000 0.9950987578221784
0.3290000000000000 0.9952721614686526
0.3300000000000000 0.9954455651151231
0.3310000000000000 0.9956189687615936
0.3320000000000000 0.9957923724080677
0.3330000000000000 0.9959657760545392
0.3340000000000000 0.9961391797010133
0.3350000000000000 0.9962942446699925
0.3360000000000000 0.9964042978596436
0.3370000000000000 0.9965143510492946
0.3380000000000000 0.9966244042389456
0.3390000000000000 0.9967344574285932
0.3400000000000000 0.9968445106182443
0.3410000000000000 0.9969545638078953
0.3420000000000000 0.9970646169975464
0.3430000000000000 0.9971725317607751
0.3440000000000000 0.9972713612293271
0.3450000000000000 0.9973701906978789
0.3460000000000000 0.9974690201664379
0.3470000000000000 0.9975678496349917
0.3480000000000000 0.9976449111869625
0.3490000000000000 0.9977170691125297
0.3500000000000000 0.9977892270380977
0.3510000000000000 0.9978613849636659
0.3520000000000000 0.9979335428892312
0.3530000000000000 0.9980057008147992
0.3540000000000000 0.9980778587403674
0.3550000000000000 0.9981500166659345
0.3560000000000000 0.9982221745914990
0.3570000000000000 0.9982943325170671
0.3580000000000000 0.9983646632239153
0.3590000000000000 0.9984344242666020
0.3600000000000000 0.9985027413625157
0.3610000000000000 0.9985462965723666
0.3620000000000000 0.9985898517822157
0.3630000000000000 0.9986334069920675
0.3640000000000000 0.9986769622019149
0.3650000000000000 0.9987170945429613
0.3660000000000000 0.9987571209432748
0.3670000000000000 0.9987971473435828
0.3680000000000000 0.9988371737438929
0.3690000000000000 0.9988772001442010
0.3700000000000000 0.9989172265445145
0.3710000000000000 0.9989572529448226
0.3720000000000000 0.9989972793451316
0.3730000000000000 0.9990373057454398
0.3740000000000000 0.9990773321457533
0.3750000000000000 0.9991173585460631
0.3760000000000000 0.9991573849463714
0.3770000000000000 0.9991974113466848
0.3780000000000000 0.9992374377469930
0.3790000000000000 0.9992774641473020
0.3800000000000000 0.9993026973082196
0.3810000000000000 0.9993253861343377
0.3820000000000000 0.9993480749604550
0.3830000000000000 0.9993707637865732
0.3840000000000000 0.9993934526126913
0.3850000000000000 0.9994161414388094
0.3860000000000000 0.9994388302649275
0.3870000000000000 0.9994582205275310
0.3880000000000000 0.9994766689536727
0.3890000000000000 0.9994951173798091
0.3900000000000000 0.9995135658059510
0.3910000000000000 0.9995320142320928
0.3920000000000000 0.9995504626582293
0.3930000000000000 0.9995689110843713
0.3940000000000000 0.9995852561135159
0.3950000000000000 0.9995974374424408
0.3960000000000000 0.9996096187713690
0.3970000000000000 0.9996218001002930
0.3980000000000000 0.9996339814292178
0.3990000000000000 0.9996461627581418
0.4000000000000000 0.9996583440870666
0.4010000000000000 0.9996705254159950
0.4020000000000000 0.9996827067449152
0.4030000000000000 0.9996948880738400
0.4040000000000000 0.9997070774462324
0.4050000000000000 0.9997199760808809
0.4060000000000000 0.9997328747155293
0.4070000000000000 0.9997457733501760
0.4080000000000000 0.9997586719848244
0.4090000000000000 0.9997715706194729
0.4100000000000000 0.9997819528376680
0.4110000000000000 0.9997888782194969
0.4120000000000000 0.9997959317445726
0.4130000000000000 0.9998030572745831
0.4140000000000000 0.9998101828045953
0.4150000000000000 0.9998173083346076
0.4160000000000000 0.9998244338646163
0.4170000000000000 0.9998315593946339
0.4180000000000000 0.9998386849246426
0.4190000000000000 0.9998458104546547
0.4200000000000000 0.9998529359846671
0.4210000000000000 0.9998600615146810
0.4220000000000000 0.9998671870446931
0.4230000000000000 0.9998731628366926
0.4240000000000000 0.9998771120923001
0.4250000000000000 0.9998810613479097
0.4260000000000000 0.9998850106035154
0.4270000000000000 0.9998889598591232
0.4280000000000000 0.9998929091147291
0.4290000000000000 0.9998968583703385
0.4300000000000000 0.9999008076259461
0.4310000000000000 0.9999047568815519
0.4320000000000000 0.9999087061371579
0.4330000000000000 0.9999126553927691
0.4340000000000000 0.9999166046483750
0.4350000000000000 0.9999205539039807
0.4360000000000000 0.9999245031595919
0.4370000000000000 0.9999281912011422
0.4380000000000000 0.9999318262614294
0.4390000000000000 0.9999354613217202
0.4400000000000000 0.9999381089454982
0.4410000000000000 0.9999400189764608
0.4420000000000000 0.9999419290074234
0.4430000000000000 0.9999438599841617
0.4440000000000000 0.9999458476328027
0.4450000000000000 0.9999478352814402
0.4460000000000000 0.9999498229300776
0.4470000000000000 0.9999518105787152
0.4480000000000000 0.9999537982273562
0.4490000000000000 0.9999557858759938
0.4500000000000000 0.9999577735246312
0.4510000000000000 0.9999597611732722
0.4520000000000000 0.9999617488219097
0.4530000000000000 0.9999637364705471
0.4540000000000000 0.9999657241191883
0.4550000000000000 0.9999677117678250
0.4560000000000000 0.9999693065186779
0.4570000000000000 0.9999705215882482
0.4580000000000000 0.9999717366578098
0.4590000000000000 0.9999729517273803
0.4600000000000000 0.9999741667969491
0.4610000000000000 0.9999753589224203
0.4620000000000000 0.9999764066135419
0.4630000000000000 0.9999774543046698
0.4640000000000000 0.9999785019957985
0.4650000000000000 0.9999795496869193
0.4660000000000000 0.9999805973780408
0.4670000000000000 0.9999814476683453
0.4680000000000000 0.9999820890555856
0.4690000000000000 0.9999827304428220
0.4700000000000000 0.9999833718300624
0.4710000000000000 0.9999840132172990
0.4720000000000000 0.9999846546045392
0.4730000000000000 0.9999852959917760
0.4740000000000000 0.9999859373790126
0.4750000000000000 0.9999865787662563
0.4760000000000000 0.9999872201534930
0.4770000000000000 0.9999878615407334
0.4780000000000000 0.9999884437418765
0.4790000000000000 0.9999889389451002
0.4800000000000000 0.9999894341483282
0.4810000000000000 0.9999899293515520
0.4820000000000000 0.9999904245547790
0.4830000000000000 0.9999909197580000
0.4840000000000000 0.9999914149612237
0.4850000000000000 0.9999919101644508
0.4860000000000000 0.9999924053676744
0.4870000000000000 0.9999927103160546
0.4880000000000000 0.9999930104410616
0.4890000000000000 0.9999933105660669
0.4900000000000000 0.9999936106910667
0.4910000000000000 0.9999939108160755
0.4920000000000000 0.9999942109410827
0.4930000000000000 0.9999945110660914
0.4940000000000000 0.9999947903994763
0.4950000000000000 0.9999950248504318
0.4960000000000000 0.9999952593013909
0.4970000000000000 0.9999954937523473
0.4980000000000000 0.9999957077274981
0.4990000000000000 0.9999958614019703
0.5000000000000000 0.9999960150764415
0.5010000000000000 0.9999961687509129
0.5020000000000000 0.9999963224253851
0.5030000000000000 0.9999964760998528
0.5040000000000000 0.9999966297743250
0.5050000000000000 0.9999967834487963
0.5060000000000000 0.9999969371232684
0.5070000000000000 0.9999970907977433
0.5080000000000000 0.9999972444722119
0.5090000000000000 0.9999973981466833
0.5100000000000000 0.9999975518211554
0.5110000000000000 0.9999976798434564
0.5120000000000000 0.9999977948724780
0.5130000000000000 0.9999979099014884
0.5140000000000000 0.9999980249305102
0.5150000000000000 0.9999981399595206
0.5160000000000000 0.9999982441685571
0.5170000000000000 0.9999983155328831
0.5180000000000000 0.9999983868972091
0.5190000000000000 0.9999984582615423
0.5200000000000000 0.9999985296258613
0.5210000000000000 0.9999986009901872
0.5220000000000000 0.9999986723545203
0.5230000000000000 0.9999987437188462
0.5240000000000000 0.9999988118114835
0.5250000000000000 0.9999988725819497
0.5260000000000000 0.9999989333524196
0.5270000000000000 0.9999989941228894
0.5280000000000000 0.9999990396936962
0.5290000000000000 0.9999990768008700
0.5300000000000000 0.9999991139080510
0.5310000000000000 0.9999991510152311
0.5320000000000000 0.9999991881224048
0.5330000000000000 0.9999992252295857
0.5340000000000000 0.9999992623367594
0.5350000000000000 0.9999992994439333
0.5360000000000000 0.9999993355302994
0.5370000000000000 0.9999993713671056
0.5380000000000000 0.9999994072039189
0.5390000000000000 0.9999994430407270
0.5400000000000000 0.9999994788775332
0.5410000000000000 0.9999995147143393
0.5420000000000000 0.9999995458611093
0.5430000000000000 0.9999995629103632
0.5440000000000000 0.9999995799596104
0.5450000000000000 0.9999995970088573
0.5460000000000000 0.9999996140581042
0.5470000000000000 0.9999996311073511
0.5480000000000000 0.9999996481565980
0.5490000000000000 0.9999996652058448
0.5500000000000000 0.9999996822550918
0.5510000000000000 0.9999996993043350
0.5520000000000000 0.9999997163535855
0.5530000000000000 0.9999997313593820
0.5540000000000000 0.9999997458468159
0.5550000000000000 0.9999997603342466
0.5560000000000000 0.9999997748216807
0.5570000000000001 0.9999997893091149
0.5580000000000001 0.9999998037965455
0.5590000000000001 0.9999998182839797
0.5600000000000001 0.9999998292489103
0.5610000000000001 0.9999998359110112
0.5620000000000001 0.9999998425731209
0.5630000000000001 0.9999998492352218
0.5640000000000001 0.9999998558973227
0.5650000000000001 0.9999998625594360
0.5660000000000001 0.9999998692215368
0.5670000000000001 0.9999998758836377
0.5680000000000001 0.9999998825457475
0.5690000000000001 0.9999998892078481
0.5700000000000001 0.9999998958699491
0.5710000000000001 0.9999999024553530
0.5720000000000001 0.9999999085813536
0.5730000000000001 0.9999999147073614
0.5740000000000001 0.9999999208333761
0.5750000000000001 0.9999999252457427
0.5760000000000001 0.9999999286998916
0.5770000000000000 0.9999999321540373
0.5780000000000000 0.9999999356081861
0.5790000000000000 0.9999999390623387
0.5800000000000000 0.9999999425164877
0.5810000000000000 0.9999999459706367
0.5820000000000000 0.9999999494247858
0.5830000000000000 0.9999999519400286
0.5840000000000000 0.9999999541224495
0.5850000000000000 0.9999999563048778
0.5860000000000000 0.9999999584872992
0.5870000000000000 0.9999999606697310
0.5880000000000000 0.9999999628521523
0.5890000000000000 0.9999999650345803
0.5900000000000000 0.9999999672170015
0.5910000000000000 0.9999999693994299
0.5920000000000000 0.9999999715818547
0.5930000000000000 0.9999999737642832
0.5940000000000000 0.9999999749574801
0.5950000000000000 0.9999999760828379
0.5960000000000000 0.9999999772081848
0.5970000000000000 0.9999999783335354
0.5980000000000000 0.9999999794588861
0.5990000000000000 0.9999999805842330
0.6000000000000000 0.9999999817095908
0.6010000000000000 0.9999999828349377
0.6020000000000000 0.9999999839602886
0.6030000000000000 0.9999999850856356
0.6040000000000000 0.9999999862109862
0.6050000000000000 0.9999999873056638
0.6060000000000000 0.9999999882751739
0.6070000000000000 0.9999999887712478
0.6080000000000000 0.9999999892029778
0.6090000000000000 0.9999999896301438
0.6100000000000000 0.9999999900573132
0.6110000000000000 0.9999999904844845
0.6120000000000000 0.9999999909116541
0.6130000000000000 0.9999999913388237
0.6140000000000000 0.9999999917659896
0.6150000000000000 0.9999999921931592
0.6160000000000000 0.9999999926203358
0.6170000000000000 0.9999999930475018
0.6180000000000000 0.9999999934746714
0.6190000000000000 0.9999999939018407
0.6200000000000000 0.9999999943290050
0.6210000000000000 0.9999999947561816
0.6220000000000000 0.9999999951833513
0.6230000000000000 0.9999999956105172
0.6240000000000000 0.9999999960376867
0.6250000000000000 0.9999999964317517
0.6260000000000000 0.9999999966084515
0.6270000000000000 0.9999999967851442
0.6280000000000000 0.9999999969618438
0.6290000000000000 0.9999999971385456
0.6300000000000000 0.9999999972893107
0.6310000000000000 0.9999999974284268
0.6320000000000000 0.9999999975675508
0.6330000000000000 0.9999999977066746
0.6340000000000000 0.9999999978457910
0.6350000000000000 0.9999999979849077
0.6360000000000000 0.9999999981240310
0.6370000000000000 0.9999999982631479
0.6380000000000000 0.9999999984022716
0.6390000000000000 0.9999999985157837
0.6400000000000000 0.9999999985835749
0.6410000000000000 0.9999999986513669
0.6420000000000000 0.9999999987191652
0.6430000000000000 0.9999999987869572
0.6440000000000000 0.9999999988547484
0.6450000000000000 0.9999999989225475
0.6460000000000000 0.9999999989903386
0.6470000000000000 0.9999999990581308
0.6480000000000000 0.9999999991187138
0.6490000000000000 0.9999999991655654
0.6500000000000000 0.9999999992124160
0.6510000000000000 0.9999999992592676
0.6520000000000000 0.9999999993061193
0.6530000000000000 0.9999999993529770
0.6540000000000000 0.9999999993998285
0.6550000000000000 0.9999999994466803
0.6560000000000000 0.9999999994935309
0.6570000000000000 0.9999999995403824
0.6580000000000000 0.9999999995659823
0.6590000000000000 0.9999999995909923
0.6600000000000000 0.9999999996159878
0.6610000000000000 0.9999999996409961
0.6620000000000000 0.9999999996660058
0.6630000000000000 0.9999999996862361
0.6640000000000000 0.9999999997040354
0.6650000000000000 0.9999999997218418
0.6660000000000000 0.9999999997396338
0.6670000000000000 0.9999999997574404
0.6680000000000000 0.9999999997676969
0.6690000000000000 0.9999999997775102
0.6700000000000000 0.9999999997873306
0.6710000000000000 0.9999999997971509
0.6720000000000000 0.9999999998069720
0.6730000000000000 0.9999999998167923
0.6740000000000000 0.9999999998266162
0.6750000000000000 0.9999999998364295
0.6760000000000000 0.9999999998462498
0.6770000000000000 0.9999999998560709
0.6780000000000000 0.9999999998658913
0.6790000000000000 0.9999999998757116
0.6800000000000000 0.9999999998855249
0.6810000000000000 0.9999999998953452
0.6820000000000001 0.9999999999051654
0.6830000000000001 0.9999999999149868
0.6840000000000001 0.9999999999248070
0.6850000000000001 0.9999999999337199
0.6860000000000001 0.9999999999406844
0.6870000000000001 0.9999999999462077
0.6880000000000001 0.9999999999487558
0.6890000000000001 0.9999999999513038
0.6900000000000001 0.9999999999538520
0.6910000000000001 0.9999999999564001
0.6920000000000001 0.9999999999589482
0.6930000000000001 0.9999999999615105
0.6940000000000001 0.9999999999640377
0.6950000000000001 0.9999999999665660
0.6960000000000001 0.9999999999690871
0.6970000000000001 0.9999999999716243
0.6980000000000001 0.9999999999737516
0.6990000000000001 0.9999999999749846
0.7000000000000001 0.9999999999762106
0.7010000000000001 0.9999999999774454
0.7020000000000001 0.9999999999786715
0.7030000000000001 0.9999999999799115
0.7040000000000000 0.9999999999811375
0.7050000000000000 0.9999999999823705
0.7060000000000000 0.9999999999835966
0.7070000000000000 0.9999999999848315
0.7080000000000000 0.9999999999860574
0.7090000000000000 0.9999999999870022
0.7100000000000000 0.9999999999878962
0.7110000000000000 0.9999999999887905
0.7120000000000000 0.9999999999896848
0.7130000000000000 0.9999999999905789
0.7140000000000000 0.9999999999914733
0.7150000000000000 0.9999999999923674
0.7160000000000000 0.9999999999932616
0.7170000000000000 0.9999999999935716
0.7180000000000000 0.9999999999938657
0.7190000000000000 0.9999999999941598
0.7200000000000000 0.9999999999944522
0.7210000000000000 0.9999999999947508
0.7220000000000000 0.9999999999950333
0.7230000000000000 0.9999999999953163
0.7240000000000000 0.9999999999955993
0.7250000000000000 0.9999999999958824
0.7260000000000000 0.9999999999961720
0.7270000000000000 0.9999999999964480
0.7280000000000000 0.9999999999967379
0.7290000000000000 0.9999999999970138
0.7300000000000000 0.9999999999973036
0.7310000000000000 0.9999999999975795
0.7320000000000000 0.9999999999978695
0.7330000000000000 0.9999999999980802
0.7340000000000000 0.9999999999981806
0.7350000000000000 0.9999999999982876
0.7360000000000000 0.9999999999983880
0.7370000000000000 0.9999999999984952
0.7380000000000000 0.9999999999985955
0.7390000000000000 0.9999999999987059
0.7400000000000000 0.9999999999987826
0.7410000000000000 0.9999999999988789
0.7420000000000000 0.9999999999989699
0.7430000000000000 0.9999999999990608
0.7440000000000000 0.9999999999991499
0.7450000000000000 0.9999999999992337
0.7460000000000000 0.9999999999992949
0.7470000000000000 0.9999999999993290
0.7480000000000000 0.9999999999993684
0.7490000000000000 0.9999999999993936
0.7500000000000000 0.9999999999994331
0.7510000000000000 0.9999999999994724
0.7520000000000000 0.9999999999994977
0.7530000000000000 0.9999999999995370
0.7540000000000000 0.9999999999995592
0.7550000000000000 0.9999999999995921
0.7560000000000000 0.9999999999996232
0.7570000000000000 0.9999999999996489
0.7580000000000000 0.9999999999996818
0.7590000000000000 0.9999999999997075
0.7600000000000000 0.9999999999997333
0.7610000000000000 0.9999999999997733
0.7620000000000000 0.9999999999997877
0.7630000000000000 0.9999999999998053
0.7640000000000000 0.9999999999998014
0.7650000000000000 0.9999999999998188
0.7660000000000000 0.9999999999998221
0.7670000000000000 0.9999999999998406
0.7680000000000000 0.9999999999998508
0.7690000000000000 0.9999999999998611
0.7700000000000000 0.9999999999998704
0.7710000000000000 0.9999999999998879
0.7720000000000000 0.9999999999998981
0.7730000000000000 0.9999999999999074
0.7740000000000000 0.9999999999999176
0.7750000000000000 0.9999999999999269
0.7760000000000000 0.9999999999999373
0.7770000000000000 0.9999999999999546
0.7780000000000000 0.9999999999999639
0.7790000000000000 0.9999999999999742
0.7800000000000000 0.9999999999999770
0.7810000000000000 0.9999999999999812
0.7820000000000000 0.9999999999999847
0.7830000000000000 0.9999999999999880
0.7840000000000000 0.9999999999999913
0.7850000000000000 1.0000000000000053
0.7860000000000000 0.9999999999999982
0.7870000000000000 1.0000000000000142
0.7880000000000000 1.0000000000000071
0.7890000000000000 1.0000000000000071
0.7900000000000000 1.0000000000000018
0.7910000000000000 1.0000000000000160
0.7920000000000000 1.0000000000000107
0.7930000000000000 1.0000000000000036
0.7940000000000000 1.0000000000000000
0.7950000000000000 1.0000000000000071
0.7960000000000000 1.0000000000000036
0.7970000000000000 1.0000000000000071
0.7980000000000000 1.0000000000000000
0.7990000000000000 1.0000000000000036
0.8000000000000000 1.0000000000000036
0.8010000000000000 0.9999999999999969
0.8020000000000000 0.9999999999999911
0.8030000000000000 0.9999999999999991
0.8040000000000000 0.9999999999999933
0.8050000000000000 1.0000000000000018
0.8060000000000000 0.9999999999999960
0.8070000000000001 0.9999999999999964
0.8080000000000001 0.9999999999999956
0.8090000000000001 0.9999999999999947
0.8100000000000001 0.9999999999999938
0.8110000000000001 0.9999999999999929
0.8120000000000001 0.9999999999999920
0.8130000000000001 0.9999999999999982
0.8140000000000001 0.9999999999999982
0.8150000000000001 0.9999999999999742
0.8160000000000001 0.9999999999999680
0.8170000000000001 0.9999999999999840
0.8180000000000001 0.9999999999999787
0.8190000000000001 0.9999999999999805
0.8200000000000001 0.9999999999999751
0.8210000000000001 1.0000000000000067
0.8220000000000001 1.0000000000000049
0.8230000000000001 1.0000000000000098
0.8240000000000001 1.0000000000000075
0.8250000000000001 1.0000000000000058
0.8260000000000001 1.0000000000000036
0.8270000000000001 1.0000000000000018
0.8280000000000001 1.0000000000000067
0.8290000000000001 1.0000000000000049
0.8300000000000001 1.0000000000000098
0.8310000000000001 1.0000000000000036
0.8320000000000001 0.9999999999999982
0.8330000000000000 1.0000000000000053
0.8340000000000000 0.9999999999999982
0.8350000000000000 1.0000000000000000
0.8360000000000000 1.0000000000000000
0.8370000000000000 0.9999999999999947
0.8380000000000000 0.9999999999999964
0.8390000000000000 1.0000000000000036
0.8400000000000000 1.0000000000000053
0.8410000000000000 0.9999999999999964
0.8420000000000000 0.9999999999999929
0.8430000000000000 0.9999999999999964
0.8440000000000000 1.0000000000000000
0.8450000000000000 0.9999999999999964
0.8460000000000000 0.9999999999999964
0.8470000000000000 0.9999999999999929
0.8480000000000000 1.0000000000000000
0.8490000000000000 0.9999999999999929
0.8500000000000000 0.9999999999999964
0.8510000000000000 1.0000000000000000
0.8520000000000000 0.9999999999999929
0.8530000000000000 0.9999999999999964
0.8540000000000000 0.9999999999999964
0.8550000000000000 1.0000000000000000
0.8560000000000000 1.0000000000000036
0.8570000000000000 1.0000000000000071
0.8580000000000000 0.9999999999999929
0.8590000000000000 0.9999999999999964
0.8600000000000000 0.9999999999999858
0.8610000000000000 1.0000000000000036
0.8620000000000000 1.0000000000000000
0.8630000000000000 1.0000000000000036
0.8640000000000000 1.0000000000000000
0.8650000000000000 1.0000000000000000
0.8660000000000000 0.9999999999999964
0.8670000000000000 1.0000000000000071
0.8680000000000000 1.0000000000000036
0.8690000000000000 1.0000000000000000
0.8700000000000000 0.9999999999999964
0.8710000000000000 1.0000000000000009
0.8720000000000000 1.0000000000000053
0.8730000000000000 1.0000000000000027
0.8740000000000000 0.9999999999999991
0.8750000000000000 1.0000000000000036
0.8760000000000000 1.0000000000000009
0.8770000000000000 0.9999999999999982
0.8780000000000000 0.9999999999999956
0.8790000000000000 0.9999999999999893
0.8800000000000000 0.9999999999999840
0.8810000000000000 0.9999999999999787
0.8820000000000000 0.9999999999999893
0.8830000000000000 0.9999999999999947
0.8840000000000000 0.9999999999999947
0.8850000000000000 0.9999999999999947
0.8860000000000000 0.9999999999999929
0.8870000000000000 0.9999999999999929
0.8880000000000000 0.9999999999999911
0.8890000000000000 0.9999999999999982
0.8900000000000000 0.9999999999999911
0.8910000000000000 0.9999999999999893
0.8920000000000000 0.9999999999999964
0.8930000000000000 0.9999999999999947
0.8940000000000000 0.9999999999999947
0.8950000000000000 0.9999999999999947
0.8960000000000000 0.9999999999999929
0.8970000000000000 1.0000000000000071
0.8980000000000000 1.0000000000000036
0.8990000000000000 1.0000000000000036
0.9000000000000000 1.0000000000000071
0.9010000000000000 0.9999999999999964
0.9020000000000000 0.9999999999999964
0.9030000000000000 1.0000000000000000
0.9040000000000000 0.9999999999999964
0.9050000000000000 1.0000000000000000
0.9060000000000000 1.0000000000000000
0.9070000000000000 1.0000000000000036
0.9080000000000000 0.9999999999999964
0.9090000000000000 1.0000000000000000
0.9100000000000000 1.0000000000000000
0.9110000000000000 1.0000000000000000
0.9120000000000000 1.0000000000000036
0.9130000000000000 0.9999999999999964
0.9140000000000000 1.0000000000000000
0.9150000000000000 1.0000000000000000
0.9160000000000000 1.0000000000000036
0.9170000000000000 0.9999999999999893
0.9180000000000000 0.9999999999999893
0.9190000000000000 0.9999999999999858
0.9200000000000000 0.9999999999999822
0.9210000000000000 0.9999999999999964
0.9220000000000000 0.9999999999999929
0.9230000000000000 0.9999999999999893
0.9240000000000000 0.9999999999999893
0.9250000000000000 1.0000000000000000
0.9260000000000000 1.0000000000000000
0.9270000000000000 1.0000000000000071
0.9280000000000000 0.9999999999999858
0.9290000000000000 0.9999999999999893
0.9300000000000000 0.9999999999999893
0.9310000000000000 0.9999999999999858
0.9320000000000001 1.0000000000000000
0.9330000000000001 1.0000000000000071
0.9340000000000001 1.0000000000000036
0.9350000000000001 1.0000000000000036
0.9360000000000001 1.0000000000000071
0.9370000000000001 1.0000000000000036
0.9380000000000001 1.0000000000000071
0.9390000000000001 1.0000000000000036
0.9400000000000001 1.0000000000000000
0.9410000000000001 1.0000000000000071
0.9420000000000001 1.0000000000000036
0.9430000000000001 1.0000000000000071
0.9440000000000001 1.0000000000000036
0.9450000000000001 1.0000000000000000
0.9460000000000001 0.9999999999999964
0.9470000000000001 0.9999999999999964
0.9480000000000001 1.0000000000000000
0.9490000000000001 1.0000000000000000
0.9500000000000001 0.9999999999999964
0.9510000000000001 0.9999999999999964
0.9520000000000001 1.0000000000000036
0.9530000000000001 1.0000000000000000
0.9540000000000001 1.0000000000000000
0.9550000000000001 0.9999999999999893
0.9560000000000001 0.9999999999999964
0.9570000000000001 0.9999999999999947
0.9580000000000001 0.9999999999999929
0.9590000000000001 0.9999999999999982
0.9600000000000000 1.0000000000000036
0.9610000000000000 0.9999999999999991
0.9620000000000000 0.9999999999999956
0.9630000000000000 0.9999999999999929
0.9640000000000000 0.9999999999999902
0.9650000000000000 0.9999999999999947
0.9660000000000000 0.9999999999999920
0.9670000000000000 0.9999999999999956
0.9680000000000000 0.9999999999999929
0.9690000000000000 0.9999999999999902
0.9700000000000000 0.9999999999999947
0.9710000000000000 0.9999999999999920
0.9720000000000000 0.9999999999999956
0.9730000000000000 0.9999999999999933
0.9740000000000000 0.9999999999999925
0.9750000000000000 0.9999999999999911
0.9760000000000000 0.9999999999999929
0.9770000000000000 0.9999999999999929
0.9780000000000000 0.9999999999999929
0.9790000000000000 0.9999999999999929
0.9800000000000000 0.9999999999999858
0.9810000000000000 0.9999999999999893
0.9820000000000000 0.9999999999999893
0.9830000000000000 0.9999999999999964
0.9840000000000000 0.9999999999999964
0.9850000000000000 0.9999999999999964
0.9860000000000000 0.9999999999999893
0.9870000000000000 1.0000000000000000
0.9880000000000000 0.9999999999999956
0.9890000000000000 1.0000000000000053
0.9900000000000000 1.0000000000000000
0.9910000000000000 0.9999999999999929
0.9920000000000000 0.9999999999999929
0.9930000000000000 1.0000000000000036
0.9940000000000000 1.0000000000000000
0.9950000000000000 0.9999999999999822
0.9960000000000000 0.9999999999999929
0.9970000000000000 0.9999999999999929
0.9980000000000000 0.9999999999999893
0.9990000000000000 1.0000000000000000
1.0000000000000000 0.9999999999999964
