0.0000000000000000 0.0000000000000000
0.0010000000000000 0.0043536739787250
0.0020000000000000 0.0087073479574499
0.0030000000000000 0.0130610183660718
0.0040000000000000 0.0174070014434104
0.0050000000000000 0.0217603995551542
0.0060000000000000 0.0261221030708942
0.0070000000000000 0.0304838065866343
0.0080000000000000 0.0348455101023743
0.0090000000000000 0.0392072136181143
0.0100000000000000 0.0435689171338544
0.0110000000000000 0.0479306206495944
0.0120000000000000 0.0522909733641603
0.0130000000000000 0.0566438004559418
0.0140000000000000 0.0610084285606295
0.0150000000000000 0.0653817777418299
0.0160000000000000 0.0697551269230304
0.0170000000000000 0.0741284761042309
0.0180000000000000 0.0785018252854314
0.0190000000000000 0.0828751744666318
0.0200000000000000 0.0872494551386084
0.0210000000000000 0.0916245242136293
0.0220000000000000 0.0960308513174494
0.0230000000000000 0.1004245102253692
0.0240000000000000 0.1048181691332891
0.0250000000000000 0.1092118280412089
0.0260000000000000 0.1136054869491288
0.0270000000000000 0.1180067929713312
0.0280000000000000 0.1224112430662130
0.0290000000000000 0.1268156931610948
0.0300000000000000 0.1312201432559766
0.0310000000000000 0.1356245933508583
0.0320000000000000 0.1400290434457401
0.0330000000000000 0.1444339280550485
0.0340000000000000 0.1488556004712791
0.0350000000000000 0.1532917830832650
0.0360000000000000 0.1577279656952507
0.0370000000000000 0.1621641483072365
0.0380000000000000 0.1666003309192221
0.0390000000000000 0.1710365135312080
0.0400000000000000 0.1754726961431939
0.0410000000000000 0.1799088787551795
0.0420000000000000 0.1843452372332008
0.0430000000000000 0.1888085112875649
0.0440000000000000 0.1932813645357095
0.0450000000000000 0.1977542177838542
0.0460000000000000 0.2022270710319990
0.0470000000000000 0.2066999242801436
0.0480000000000000 0.2111727775282884
0.0490000000000000 0.2156456307764330
0.0500000000000000 0.2201184840245777
0.0510000000000000 0.2245913372727225
0.0520000000000000 0.2290565139178903
0.0530000000000000 0.2335167490985455
0.0540000000000000 0.2380121897052098
0.0550000000000000 0.2425160329176567
0.0560000000000000 0.2470198761301035
0.0570000000000000 0.2515152537140501
0.0580000000000000 0.2559859589712367
0.0590000000000000 0.2604568191491987
0.0600000000000000 0.2649480792369413
0.0610000000000000 0.2694393393246840
0.0620000000000000 0.2739305994124264
0.0630000000000000 0.2784218595001690
0.0640000000000000 0.2829131195879114
0.0650000000000000 0.2874043796756541
0.0660000000000000 0.2918956397633968
0.0670000000000000 0.2963585220986209
0.0680000000000000 0.3007561866093809
0.0690000000000000 0.3051538511201400
0.0700000000000000 0.3095515156308994
0.0710000000000000 0.3139811020734127
0.0720000000000000 0.3184947688801392
0.0730000000000000 0.3228785792515935
0.0740000000000000 0.3272247580052117
0.0750000000000000 0.3315709367588301
0.0760000000000000 0.3359171155124482
0.0770000000000000 0.3402632942660666
0.0780000000000000 0.3446094730196848
0.0790000000000000 0.3489556517733035
0.0800000000000000 0.3533018305269217
0.0810000000000000 0.3576656960133708
0.0820000000000000 0.3620293181987344
0.0830000000000000 0.3662015645338261
0.0840000000000000 0.3703268090294622
0.0850000000000000 0.3745506780916554
0.0860000000000000 0.3787745471538479
0.0870000000000000 0.3829984162160401
0.0880000000000000 0.3872222852782322
0.0890000000000000 0.3914461543404247
0.0900000000000000 0.3955675833193710
0.0910000000000000 0.3994393249069834
0.0920000000000000 0.4033110664945966
0.0930000000000000 0.4071828080822076
0.0940000000000000 0.4110545496698201
0.0950000000000000 0.4148371500629616
0.0960000000000000 0.4184741108245162
0.0970000000000000 0.4221110715860707
0.0980000000000000 0.4257480323476261
0.0990000000000000 0.4293849931091809
0.1000000000000000 0.4330219538707355
0.1010000000000000 0.4366589146322909
0.1020000000000000 0.4402958753938454
0.1030000000000000 0.4439328361554001
0.1040000000000000 0.4475697969169548
0.1050000000000000 0.4511899324833558
0.1060000000000000 0.4535914974697494
0.1070000000000000 0.4559930624561435
0.1080000000000000 0.4583946274425371
0.1090000000000000 0.4607961924289319
0.1100000000000000 0.4634138683281855
0.1110000000000000 0.4654596157737083
0.1120000000000000 0.4675053632192319
0.1130000000000000 0.4695511106647546
0.1140000000000000 0.4715968581102782
0.1150000000000000 0.4736426055558009
0.1160000000000000 0.4756883530013236
0.1170000000000000 0.4777341004468472
0.1180000000000000 0.4797798478923698
0.1190000000000000 0.4818255953378934
0.1200000000000000 0.4838271534922826
0.1210000000000000 0.4857198992519763
0.1220000000000000 0.4876126450116685
0.1230000000000000 0.4895053907713606
0.1240000000000000 0.4913981365310544
0.1250000000000000 0.4932908822907465
0.1260000000000000 0.4951836280504385
0.1270000000000000 0.4977760277195624
0.1280000000000000 0.4990113105064667
0.1290000000000000 0.5002465932933711
0.1300000000000000 0.5014818760802755
0.1310000000000000 0.5027171588671797
0.1320000000000000 0.5039524416540840
0.1330000000000000 0.5051877244409885
0.1340000000000000 0.5064230072278937
0.1350000000000000 0.5076582900147979
0.1360000000000000 0.5088935728017022
0.1370000000000000 0.5110161579821507
0.1380000000000000 0.5131425252060927
0.1390000000000000 0.5152688924300383
0.1400000000000000 0.5173952596539801
0.1410000000000000 0.5195216268779238
0.1420000000000000 0.5216479941018677
0.1430000000000000 0.5237743613258113
0.1440000000000000 0.5246553755664778
0.1450000000000000 0.5266021511940425
0.1460000000000000 0.5285489268216093
0.1470000000000000 0.5304957024491759
0.1480000000000000 0.5324424780767425
0.1490000000000000 0.5343892537043075
0.1500000000000000 0.5348951832095667
0.1510000000000000 0.5346658859585615
0.1520000000000000 0.5344365887075582
0.1530000000000000 0.5353370412111225
0.1540000000000000 0.5374910275392052
0.1550000000000000 0.5396450138672870
0.1560000000000000 0.5417990001953683
0.1570000000000000 0.5439529865234510
0.1580000000000000 0.5461069728515310
0.1590000000000000 0.5470837076433350
0.1600000000000000 0.5476120439648515
0.1610000000000000 0.5480836115684122
0.1620000000000000 0.5485259558037114
0.1630000000000000 0.5489683000390108
0.1640000000000000 0.5494106442743100
0.1650000000000000 0.5498529885096092
0.1660000000000000 0.5502953327449105
0.1670000000000000 0.5504182312850124
0.1680000000000000 0.5503852477303448
0.1690000000000000 0.5503522641756792
0.1700000000000000 0.5503192806210115
0.1710000000000000 0.5510288967210468
0.1720000000000000 0.5526476807804220
0.1730000000000000 0.5527768319742908
0.1740000000000000 0.5529018298297899
0.1750000000000000 0.5530311974978293
0.1760000000000000 0.5531605651658656
0.1770000000000000 0.5532899328339060
0.1780000000000000 0.5534193005019455
0.1790000000000000 0.5536352429555234
0.1800000000000000 0.5542332556358992
0.1810000000000000 0.5544532297900202
0.1820000000000000 0.5545421475555520
0.1830000000000000 0.5550135288782854
0.1840000000000000 0.5555236457178538
0.1850000000000000 0.5560337625574201
0.1860000000000000 0.5565438793969886
0.1870000000000000 0.5570539962365548
0.1880000000000000 0.5575641130761213
0.1890000000000000 0.5580742299156897
0.1900000000000000 0.5583353847360570
0.1910000000000000 0.5582808942218440
0.1920000000000000 0.5583746917763195
0.1930000000000000 0.5587085984790909
0.1940000000000000 0.5590425051818626
0.1950000000000000 0.5593764118846321
0.1960000000000000 0.5597103185874054
0.1970000000000000 0.5600442252901753
0.1980000000000000 0.5601121744039577
0.1990000000000000 0.5601670450930929
0.2000000000000000 0.5602219157822292
0.2010000000000000 0.5602767864713666
0.2020000000000000 0.5603316571605019
0.2030000000000000 0.5603865278496402
0.2040000000000000 0.5605582211954998
0.2050000000000000 0.5604796429342658
0.2060000000000000 0.5604010646730277
0.2070000000000000 0.5603224864117939
0.2080000000000000 0.5602439081505599
0.2090000000000000 0.5601653298893217
0.2100000000000000 0.5600575460931723
0.2110000000000000 0.5607141217768099
0.2120000000000000 0.5615040800096047
0.2130000000000000 0.5622940382424015
0.2140000000000000 0.5630823575385318
0.2150000000000000 0.5638574278256855
0.2160000000000000 0.5646324981128422
0.2170000000000000 0.5654075683999961
0.2180000000000000 0.5661826386871498
0.2190000000000000 0.5669577089743066
0.2200000000000000 0.5677327792614604
0.2210000000000000 0.5700297480782424
0.2220000000000000 0.5739439166988098
0.2230000000000000 0.5778580853193772
0.2240000000000000 0.5817722539399426
0.2250000000000000 0.5856302365769150
0.2260000000000000 0.5894698248182296
0.2270000000000000 0.5933094130595502
0.2280000000000000 0.6002119947083979
0.2290000000000000 0.6092789024448757
0.2300000000000000 0.6183458101813539
0.2310000000000000 0.6274127179178319
0.2320000000000000 0.6368331335359829
0.2330000000000000 0.6481126016903319
0.2340000000000000 0.6613115942806175
0.2350000000000000 0.6745105868709114
0.2360000000000000 0.6877095794611976
0.2370000000000000 0.7009520955349148
0.2380000000000000 0.7142199637413766
0.2390000000000000 0.7274878319478445
0.2400000000000000 0.7408757516022142
0.2410000000000000 0.7537212177174267
0.2420000000000000 0.7660064035704451
0.2430000000000000 0.7782915894234668
0.2440000000000000 0.7905767752764884
0.2450000000000000 0.8028962719882539
0.2460000000000000 0.8154691182933089
0.2470000000000000 0.8280419645983640
0.2480000000000000 0.8406148109034191
0.2490000000000000 0.8531876572084767
0.2500000000000000 0.8639749340269071
0.2510000000000000 0.8712767295570464
0.2520000000000000 0.8782520032163448
0.2530000000000000 0.8854523427781522
0.2540000000000000 0.8927594087771191
0.2550000000000000 0.9000664747760891
0.2560000000000000 0.9073735407750561
0.2570000000000000 0.9146806067740200
0.2580000000000000 0.9204941718850512
0.2590000000000000 0.9245497239703174
0.2600000000000000 0.9286052760555767
0.2610000000000000 0.9326608281408419
0.2620000000000000 0.9367163802261145
0.2630000000000000 0.9407719323113739
0.2640000000000000 0.9450045535031634
0.2650000000000000 0.9477195669249282
0.2660000000000000 0.9497803462966429
0.2670000000000000 0.9518310787411839
0.2680000000000000 0.9538818111857214
0.2690000000000000 0.9559325436302624
0.2700000000000000 0.9580389924313023
0.2710000000000000 0.9601896706019677
0.2720000000000000 0.9623403487726365
0.2730000000000000 0.9644910269433054
0.2740000000000000 0.9666417051139742
0.2750000000000000 0.9685228522975629
0.2760000000000000 0.9697742113376175
0.2770000000000000 0.9708373246140714
0.2780000000000000 0.9718924213155408
0.2790000000000000 0.9729475180170032
0.2800000000000000 0.9740026147184724
0.2810000000000000 0.9750577114199418
0.2820000000000000 0.9761129312241466
0.2830000000000000 0.9769220159668974
0.2840000000000000 0.9776772190587274
0.2850000000000000 0.9784324221505463
0.2860000000000000 0.9791876252423686
0.2870000000000000 0.9799428283341977
0.2880000000000000 0.9806980314260199
0.2890000000000000 0.9814532345178455
0.2900000000000000 0.9822084376096678
0.2910000000000000 0.9828645912820028
0.2920000000000000 0.9834493407772121
0.2930000000000000 0.9840278647114041
0.2940000000000000 0.9845982092291217
0.2950000000000000 0.9850399450315672
0.2960000000000000 0.9854816808340161
0.2970000000000000 0.9859234166364617
0.2980000000000000 0.9863651524389104
0.2990000000000000 0.9868068882413630
0.3000000000000000 0.9872486240438084
0.3010000000000000 0.9876903598462574
0.3020000000000000 0.9881299251068252
0.3030000000000000 0.9885623506486338
0.3040000000000000 0.9889947761904393
0.3050000000000000 0.9894272017322515
0.3060000000000000 0.9897441238952837
0.3070000000000000 0.9900411885375809
0.3080000000000000 0.9903382531798766
0.3090000000000000 0.9906353178221705
0.3100000000000000 0.9909323824644642
0.3110000000000000 0.9912294471067633
0.3120000000000000 0.9915265117490570
0.3130000000000000 0.9918235763913527
0.3140000000000000 0.9921147219166878
0.3150000000000000 0.9924040311203863
0.3160000000000000 0.9926933403240846
0.3170000000000000 0.9929826495277758
0.3180000000000000 0.9932719587314743
0.3190000000000000 0.9935566695312033
0.3200000000000000 0.9937468091934483
0.3210000000000000 0.9939369488557002
0.3220000000000000 0.9941270885179493
0.3230000000000000 0.9943026262531244
0.3240000000000000 0.9944699587451319
0.3250000000000000 0.9946372912371428
0.3260000000000000 0.9948046237291495
0.3270000000000000 0.9949719562211571
0.3280000000000000 0.9951392887131680
0.3290000000000000 0.9953066212051748
0.3300000000000000 0.9954739536971822
0.3310000000000000 0.9956412861891932
0.3320000000000000 0.9958086186811972
0.3330000000000000 0.9959759511732074
0.3340000000000000 0.9961334086004558
0.3350000000000000 0.9962566445927002
0.3360000000000000 0.9963743943563376
0.3370000000000000 0.9964864032823446
0.3380000000000000 0.9965984122083552
0.3390000000000000 0.9967104211343623
0.3400000000000000 0.9968224300603729
0.3410000000000000 0.9969344389863835
0.3420000000000000 0.9970464479123905
0.3430000000000000 0.9971584568383975
0.3440000000000000 0.9972704657644080
0.3450000000000000 0.9973824746904187
0.3460000000000000 0.9974944836164258
0.3470000000000000 0.9975813036102055
0.3480000000000000 0.9976549978153850
0.3490000000000000 0.9977286920205606
0.3500000000000000 0.9978023862257366
0.3510000000000000 0.9978760804309121
0.3520000000000000 0.9979497746360839
0.3530000000000000 0.9980234688412630
0.3540000000000000 0.9980971630464390
0.3550000000000000 0.9981708572516144
0.3560000000000000 0.9982428564294438
0.3570000000000000 0.9983085608050397
0.3580000000000000 0.9983742651806359
0.3590000000000000 0.9984399695562354
0.3600000000000000 0.9985056739318277
0.3610000000000000 0.9985713783074273
0.3620000000000000 0.9986156539560915
0.3630000000000000 0.9986543314649031
0.3640000000000000 0.9986930089737199
0.3650000000000000 0.9987316864825369
0.3660000000000000 0.9987703639913501
0.3670000000000000 0.9988090415001654
0.3680000000000000 0.9988477190089786
0.3690000000000000 0.9988863965177955
0.3700000000000000 0.9989250740266106
0.3710000000000000 0.9989637515354249
0.3720000000000000 0.9990024290442417
0.3730000000000000 0.9990411065530587
0.3740000000000000 0.9990797840618701
0.3750000000000000 0.9991184615706872
0.3760000000000000 0.9991571390795004
0.3770000000000000 0.9991958165883156
0.3780000000000000 0.9992344940971324
0.3790000000000000 0.9992731716059458
0.3800000000000000 0.9993117188631785
0.3810000000000000 0.9993354552970487
0.3820000000000000 0.9993548621946899
0.3830000000000000 0.9993742690923276
0.3840000000000000 0.9993936759899689
0.3850000000000000 0.9994130828876067
0.3860000000000000 0.9994324897852479
0.3870000000000000 0.9994518966828856
0.3880000000000000 0.9994713035805267
0.3890000000000000 0.9994907104781645
0.3900000000000000 0.9995101173758059
0.3910000000000000 0.9995295242734434
0.3920000000000000 0.9995489311710848
0.3930000000000000 0.9995683380687224
0.3940000000000000 0.9995877449663637
0.3950000000000000 0.9996043650880820
0.3960000000000000 0.9996177719120504
0.3970000000000000 0.9996311787360190
0.3980000000000000 0.9996445855599839
0.3990000000000000 0.9996579923839528
0.4000000000000000 0.9996713992079176
0.4010000000000000 0.9996834012810197
0.4020000000000000 0.9996952891890516
0.4030000000000000 0.9997071770970870
0.4040000000000000 0.9997190650051192
0.4050000000000000 0.9997309529131511
0.4060000000000000 0.9997428408211829
0.4070000000000000 0.9997547287292148
0.4080000000000000 0.9997666166372470
0.4090000000000000 0.9997774879284484
0.4100000000000000 0.9997844708235696
0.4110000000000000 0.9997914537186925
0.4120000000000000 0.9997984366138136
0.4130000000000000 0.9998054195089330
0.4140000000000000 0.9998124024040542
0.4150000000000000 0.9998193852991772
0.4160000000000000 0.9998263681942983
0.4170000000000000 0.9998333510894195
0.4180000000000000 0.9998403339845408
0.4190000000000000 0.9998473168796636
0.4200000000000000 0.9998542997747812
0.4210000000000000 0.9998612826699042
0.4220000000000000 0.9998679767341061
0.4230000000000000 0.9998734871010266
0.4240000000000000 0.9998776614790953
0.4250000000000000 0.9998817330075078
0.4260000000000000 0.9998858008190034
0.4270000000000000 0.9998898686305044
0.4280000000000000 0.9998939364420000
0.4290000000000000 0.9998980042534957
0.4300000000000000 0.9999020720649966
0.4310000000000000 0.9999061398764924
0.4320000000000000 0.9999102076879897
0.4330000000000000 0.9999142754994854
0.4340000000000000 0.9999183433109864
0.4350000000000000 0.9999224111224820
0.4360000000000000 0.9999264789339795
0.4370000000000000 0.9999305467454788
0.4380000000000000 0.9999331026264047
0.4390000000000000 0.9999351336741897
0.4400000000000000 0.9999371647219775
0.4410000000000000 0.9999391957697661
0.4420000000000000 0.9999412268175502
0.4430000000000000 0.9999432578653380
0.4440000000000000 0.9999452889131231
0.4450000000000000 0.9999473199609108
0.4460000000000000 0.9999493510086994
0.4470000000000000 0.9999514083082166
0.4480000000000000 0.9999536043211588
0.4490000000000000 0.9999558003340993
0.4500000000000000 0.9999579963470377
0.4510000000000000 0.9999601923599800
0.4520000000000000 0.9999623883729186
0.4530000000000000 0.9999645843858607
0.4540000000000000 0.9999667776110321
0.4550000000000000 0.9999679720439552
0.4560000000000000 0.9999691664768869
0.4570000000000000 0.9999703609098116
0.4580000000000000 0.9999715553427364
0.4590000000000000 0.9999727497756611
0.4600000000000000 0.9999739442085912
0.4610000000000000 0.9999751386415230
0.4620000000000000 0.9999763330744478
0.4630000000000000 0.9999775275073723
0.4640000000000000 0.9999787219402955
0.4650000000000000 0.9999798295389751
0.4660000000000000 0.9999805283822958
0.4670000000000000 0.9999811841553575
0.4680000000000000 0.9999818399284189
0.4690000000000000 0.9999824957014768
0.4700000000000000 0.9999831514745385
0.4710000000000000 0.9999838072476035
0.4720000000000000 0.9999844630206651
0.4730000000000000 0.9999851187937266
0.4740000000000000 0.9999857745667878
0.4750000000000000 0.9999864303398496
0.4760000000000000 0.9999870861129110
0.4770000000000000 0.9999877418859727
0.4780000000000000 0.9999883976590341
0.4790000000000000 0.9999890534320954
0.4800000000000000 0.9999897092051604
0.4810000000000000 0.9999903649782216
0.4820000000000000 0.9999909162369909
0.4830000000000000 0.9999913730812725
0.4840000000000000 0.9999917612394900
0.4850000000000000 0.9999920707131714
0.4860000000000000 0.9999923801868529
0.4870000000000000 0.9999926896605272
0.4880000000000000 0.9999929991342087
0.4890000000000000 0.9999933086078900
0.4900000000000000 0.9999936180815643
0.4910000000000000 0.9999939275552456
0.4920000000000000 0.9999942157443940
0.4930000000000000 0.9999944860991148
0.4940000000000000 0.9999947564538347
0.4950000000000000 0.9999950268085628
0.4960000000000000 0.9999952971632836
0.4970000000000000 0.9999955675180108
0.4980000000000000 0.9999957538999003
0.4990000000000000 0.9999959024654232
0.5000000000000000 0.9999960510309428
0.5010000000000000 0.9999961995964622
0.5020000000000000 0.9999963481619852
0.5030000000000000 0.9999964967275039
0.5040000000000000 0.9999966452930269
0.5050000000000000 0.9999967938585463
0.5060000000000000 0.9999969424240658
0.5070000000000000 0.9999970909895852
0.5080000000000000 0.9999972395551038
0.5090000000000000 0.9999973881206232
0.5100000000000000 0.9999975366861464
0.5110000000000000 0.9999976831007366
0.5120000000000000 0.9999977964508289
0.5130000000000000 0.9999979098009176
0.5140000000000000 0.9999980231510047
0.5150000000000000 0.9999981365010969
0.5160000000000000 0.9999982498511910
0.5170000000000000 0.9999983335332873
0.5180000000000000 0.9999984051123371
0.5190000000000000 0.9999984766913801
0.5200000000000000 0.9999985482704300
0.5210000000000000 0.9999986198494659
0.5220000000000000 0.9999986914285086
0.5230000000000000 0.9999987630075586
0.5240000000000000 0.9999988323618474
0.5250000000000000 0.9999988916501612
0.5260000000000000 0.9999989509384822
0.5270000000000000 0.9999990102267979
0.5280000000000000 0.9999990533962613
0.5290000000000000 0.9999990898960125
0.5300000000000000 0.9999991263957635
0.5310000000000000 0.9999991628955192
0.5320000000000000 0.9999991993952702
0.5330000000000000 0.9999992358950248
0.5340000000000000 0.9999992723947759
0.5350000000000000 0.9999993088945315
0.5360000000000000 0.9999993453942826
0.5370000000000000 0.9999993818940374
0.5380000000000000 0.9999994183937894
0.5390000000000000 0.9999994548935404
0.5400000000000000 0.9999994884855291
0.5410000000000000 0.9999995205177916
0.5420000000000000 0.9999995496662212
0.5430000000000000 0.9999995667963718
0.5440000000000000 0.9999995839265152
0.5450000000000000 0.9999996010566734
0.5460000000000000 0.9999996181868239
0.5470000000000000 0.9999996353169675
0.5480000000000000 0.9999996524471181
0.5490000000000000 0.9999996695772758
0.5500000000000000 0.9999996867074192
0.5510000000000000 0.9999997038375699
0.5520000000000000 0.9999997209677205
0.5530000000000000 0.9999997380978711
0.5540000000000000 0.9999997552280218
0.5550000000000000 0.9999997718777448
0.5560000000000000 0.9999997862045896
0.5570000000000001 0.9999998005314341
0.5580000000000001 0.9999998148582755
0.5590000000000001 0.9999998234404166
0.5600000000000001 0.9999998298341141
0.5610000000000001 0.9999998362278115
0.5620000000000001 0.9999998427125849
0.5630000000000001 0.9999998493619826
0.5640000000000001 0.9999998560113836
0.5650000000000001 0.9999998626607803
0.5660000000000001 0.9999998693101815
0.5670000000000001 0.9999998759595790
0.5680000000000001 0.9999998826089836
0.5690000000000001 0.9999998892583767
0.5700000000000001 0.9999998959077814
0.5710000000000001 0.9999999025571755
0.5720000000000001 0.9999999092065791
0.5730000000000001 0.9999999158559767
0.5740000000000001 0.9999999222300432
0.5750000000000001 0.9999999253018675
0.5760000000000001 0.9999999283736919
0.5770000000000000 0.9999999314455179
0.5780000000000000 0.9999999345173424
0.5790000000000000 0.9999999375891666
0.5800000000000000 0.9999999406609910
0.5810000000000000 0.9999999437328135
0.5820000000000000 0.9999999468046379
0.5830000000000000 0.9999999498764658
0.5840000000000000 0.9999999529482901
0.5850000000000000 0.9999999560201145
0.5860000000000000 0.9999999590919388
0.5870000000000000 0.9999999621637614
0.5880000000000000 0.9999999652355858
0.5890000000000000 0.9999999683074100
0.5900000000000000 0.9999999697162695
0.5910000000000000 0.9999999708799131
0.5920000000000000 0.9999999720435603
0.5930000000000000 0.9999999732072039
0.5940000000000000 0.9999999743708474
0.5950000000000000 0.9999999755344945
0.5960000000000000 0.9999999766981381
0.5970000000000000 0.9999999778617852
0.5980000000000000 0.9999999790254306
0.5990000000000000 0.9999999801890723
0.6000000000000000 0.9999999813527212
0.6010000000000000 0.9999999825163630
0.6020000000000000 0.9999999836800119
0.6030000000000000 0.9999999848436538
0.6040000000000000 0.9999999860073061
0.6050000000000000 0.9999999871709515
0.6060000000000000 0.9999999883345969
0.6070000000000000 0.9999999889689846
0.6080000000000000 0.9999999893888296
0.6090000000000000 0.9999999898086692
0.6100000000000000 0.9999999902285142
0.6110000000000000 0.9999999906483592
0.6120000000000000 0.9999999910682111
0.6130000000000000 0.9999999914880542
0.6140000000000000 0.9999999919078992
0.6150000000000000 0.9999999923277441
0.6160000000000000 0.9999999927475853
0.6170000000000000 0.9999999931674286
0.6180000000000000 0.9999999935872734
0.6190000000000000 0.9999999940071256
0.6200000000000000 0.9999999944269704
0.6210000000000000 0.9999999948243149
0.6220000000000000 0.9999999952140364
0.6230000000000000 0.9999999956037651
0.6240000000000000 0.9999999959935002
0.6250000000000000 0.9999999963832289
0.6260000000000000 0.9999999965812179
0.6270000000000000 0.9999999967198023
0.6280000000000000 0.9999999968583944
0.6290000000000000 0.9999999969969715
0.6300000000000000 0.9999999971355633
0.6310000000000000 0.9999999972741477
0.6320000000000000 0.9999999974127254
0.6330000000000000 0.9999999975513170
0.6340000000000000 0.9999999976899014
0.6350000000000000 0.9999999978284859
0.6360000000000000 0.9999999979670708
0.6370000000000000 0.9999999981056482
0.6380000000000000 0.9999999982442398
0.6390000000000000 0.9999999983893739
0.6400000000000000 0.9999999985357830
0.6410000000000000 0.9999999986821904
0.6420000000000000 0.9999999988139117
0.6430000000000000 0.9999999988756549
0.6440000000000000 0.9999999989329469
0.6450000000000000 0.9999999989784245
0.6460000000000000 0.9999999990239037
0.6470000000000000 0.9999999990693884
0.6480000000000000 0.9999999991148678
0.6490000000000000 0.9999999991603454
0.6500000000000000 0.9999999992058247
0.6510000000000000 0.9999999992513093
0.6520000000000000 0.9999999992967816
0.6530000000000000 0.9999999993422590
0.6540000000000000 0.9999999993877384
0.6550000000000000 0.9999999994332160
0.6560000000000000 0.9999999994787024
0.6570000000000000 0.9999999995170110
0.6580000000000000 0.9999999995411508
0.6590000000000000 0.9999999995653084
0.6600000000000000 0.9999999995894552
0.6610000000000000 0.9999999996136127
0.6620000000000000 0.9999999996377595
0.6630000000000000 0.9999999996619064
0.6640000000000000 0.9999999996860640
0.6650000000000000 0.9999999997102109
0.6660000000000000 0.9999999997343577
0.6670000000000000 0.9999999997585153
0.6680000000000000 0.9999999997712261
0.6690000000000000 0.9999999997823243
0.6700000000000000 0.9999999997934177
0.6710000000000000 0.9999999998045142
0.6720000000000000 0.9999999998156073
0.6730000000000000 0.9999999998267038
0.6740000000000000 0.9999999998377969
0.6750000000000000 0.9999999998488900
0.6760000000000000 0.9999999998599884
0.6770000000000000 0.9999999998710816
0.6780000000000000 0.9999999998821780
0.6790000000000000 0.9999999998932712
0.6800000000000000 0.9999999999031162
0.6810000000000000 0.9999999999095992
0.6820000000000001 0.9999999999160805
0.6830000000000001 0.9999999999225635
0.6840000000000001 0.9999999999290466
0.6850000000000001 0.9999999999355297
0.6860000000000001 0.9999999999420127
0.6870000000000001 0.9999999999471818
0.6880000000000001 0.9999999999498450
0.6890000000000001 0.9999999999525153
0.6900000000000001 0.9999999999551875
0.6910000000000001 0.9999999999578578
0.6920000000000001 0.9999999999605300
0.6930000000000001 0.9999999999631988
0.6940000000000001 0.9999999999658677
0.6950000000000001 0.9999999999685349
0.6960000000000001 0.9999999999712038
0.6970000000000001 0.9999999999728693
0.6980000000000001 0.9999999999740363
0.6990000000000001 0.9999999999752103
0.7000000000000001 0.9999999999763878
0.7010000000000001 0.9999999999775617
0.7020000000000001 0.9999999999787349
0.7030000000000001 0.9999999999799090
0.7040000000000000 0.9999999999810838
0.7050000000000000 0.9999999999822506
0.7060000000000000 0.9999999999834248
0.7070000000000000 0.9999999999845987
0.7080000000000000 0.9999999999857727
0.7090000000000000 0.9999999999869467
0.7100000000000000 0.9999999999880433
0.7110000000000000 0.9999999999890172
0.7120000000000000 0.9999999999899787
0.7130000000000000 0.9999999999909452
0.7140000000000000 0.9999999999919101
0.7150000000000000 0.9999999999928768
0.7160000000000000 0.9999999999933462
0.7170000000000000 0.9999999999936664
0.7180000000000000 0.9999999999939557
0.7190000000000000 0.9999999999942470
0.7200000000000000 0.9999999999945319
0.7210000000000000 0.9999999999948233
0.7220000000000000 0.9999999999951005
0.7230000000000000 0.9999999999953924
0.7240000000000000 0.9999999999956767
0.7250000000000000 0.9999999999959681
0.7260000000000000 0.9999999999962597
0.7270000000000000 0.9999999999965442
0.7280000000000000 0.9999999999968356
0.7290000000000000 0.9999999999971201
0.7300000000000000 0.9999999999974118
0.7310000000000000 0.9999999999977033
0.7320000000000000 0.9999999999979875
0.7330000000000000 0.9999999999981202
0.7340000000000000 0.9999999999982139
0.7350000000000000 0.9999999999983058
0.7360000000000000 0.9999999999984065
0.7370000000000000 0.9999999999985125
0.7380000000000000 0.9999999999986042
0.7390000000000000 0.9999999999986982
0.7400000000000000 0.9999999999988112
0.7410000000000000 0.9999999999989030
0.7420000000000000 0.9999999999989967
0.7430000000000000 0.9999999999991003
0.7440000000000000 0.9999999999992013
0.7450000000000000 0.9999999999992470
0.7460000000000000 0.9999999999992761
0.7470000000000000 0.9999999999993178
0.7480000000000000 0.9999999999993469
0.7490000000000000 0.9999999999993778
0.7500000000000000 0.9999999999994140
0.7510000000000000 0.9999999999994431
0.7520000000000000 0.9999999999994812
0.7530000000000000 0.9999999999995103
0.7540000000000000 0.9999999999995484
0.7550000000000000 0.9999999999995773
0.7560000000000000 0.9999999999996082
0.7570000000000000 0.9999999999996374
0.7580000000000000 0.9999999999996755
0.7590000000000000 0.9999999999997047
0.7600000000000000 0.9999999999997408
0.7610000000000000 0.9999999999997716
0.7620000000000000 0.9999999999998086
0.7630000000000000 0.9999999999998150
0.7640000000000000 0.9999999999998220
0.7650000000000000 0.9999999999998285
0.7660000000000000 0.9999999999998420
0.7670000000000000 0.9999999999998489
0.7680000000000000 0.9999999999998437
0.7690000000000000 0.9999999999998597
0.7700000000000000 0.9999999999998685
0.7710000000000000 0.9999999999998773
0.7720000000000000 0.9999999999998862
0.7730000000000000 0.9999999999999022
0.7740000000000000 0.9999999999999111
0.7750000000000000 0.9999999999999198
0.7760000000000000 0.9999999999999287
0.7770000000000000 0.9999999999999447
0.7780000000000000 0.9999999999999540
0.7790000000000000 0.9999999999999629
0.7800000000000000 0.9999999999999717
0.7810000000000000 0.9999999999999877
0.7820000000000000 1.0000000000000089
0.7830000000000000 1.0000000000000071
0.7840000000000000 1.0000000000000000
0.7850000000000000 1.0000000000000053
0.7860000000000000 1.0000000000000107
0.7870000000000000 1.0000000000000036
0.7880000000000000 1.0000000000000089
0.7890000000000000 1.0000000000000071
0.7900000000000000 0.9999999999999982
0.7910000000000000 1.0000000000000107
0.7920000000000000 1.0000000000000044
0.7930000000000000 0.9999999999999929
0.7940000000000000 0.9999999999999916
0.7950000000000000 0.9999999999999907
0.7960000000000000 0.9999999999999893
0.7970000000000000 1.0000000000000027
0.7980000000000000 1.0000000000000013
0.7990000000000000 1.0000000000000147
0.8000000000000000 1.0000000000000133
0.8010000000000000 1.0000000000000124
0.8020000000000000 1.0000000000000111
0.8030000000000000 0.9999999999999865
0.8040000000000000 0.9999999999999931
0.8050000000000000 0.9999999999999925
0.8060000000000000 1.0000000000000062
0.8070000000000001 1.0000000000000080
0.8080000000000001 1.0000000000000027
0.8090000000000001 1.0000000000000044
0.8100000000000001 1.0000000000000062
0.8110000000000001 1.0000000000000080
0.8120000000000001 1.0000000000000027
0.8130000000000001 1.0000000000000044
0.8140000000000001 1.0000000000000062
0.8150000000000001 1.0000000000000080
0.8160000000000001 1.0000000000000027
0.8170000000000001 1.0000000000000044
0.8180000000000001 1.0000000000000000
0.8190000000000001 0.9999999999999964
0.8200000000000001 0.9999999999999929
0.8210000000000001 1.0000000000000036
0.8220000000000001 1.0000000000000000
0.8230000000000001 0.9999999999999964
0.8240000000000001 0.9999999999999893
0.8250000000000001 0.9999999999999929
0.8260000000000001 0.9999999999999964
0.8270000000000001 0.9999999999999893
0.8280000000000001 0.9999999999999929
0.8290000000000001 0.9999999999999893
0.8300000000000001 0.9999999999999893
0.8310000000000001 1.0000000000000000
0.8320000000000001 0.9999999999999964
0.8330000000000000 1.0000000000000000
0.8340000000000000 0.9999999999999929
0.8350000000000000 0.9999999999999964
0.8360000000000000 0.9999999999999929
0.8370000000000000 0.9999999999999929
0.8380000000000000 0.9999999999999964
0.8390000000000000 0.9999999999999911
0.8400000000000000 0.9999999999999840
0.8410000000000000 0.9999999999999876
0.8420000000000000 0.9999999999999876
0.8430000000000000 0.9999999999999876
0.8440000000000000 0.9999999999999911
0.8450000000000000 0.9999999999999840
0.8460000000000000 0.9999999999999840
0.8470000000000000 0.9999999999999876
0.8480000000000000 0.9999999999999876
0.8490000000000000 0.9999999999999911
0.8500000000000000 0.9999999999999840
0.8510000000000000 0.9999999999999840
0.8520000000000000 0.9999999999999876
0.8530000000000000 0.9999999999999893
0.8540000000000000 0.9999999999999858
0.8550000000000000 0.9999999999999858
0.8560000000000000 0.9999999999999858
0.8570000000000000 0.9999999999999893
0.8580000000000000 1.0000000000000124
0.8590000000000000 1.0000000000000071
0.8600000000000000 1.0000000000000284
0.8610000000000000 1.0000000000000213
0.8620000000000000 1.0000000000000142
0.8630000000000000 1.0000000000000071
0.8640000000000000 1.0000000000000142
0.8650000000000000 1.0000000000000213
0.8660000000000000 0.9999999999999889
0.8670000000000000 0.9999999999999880
0.8680000000000000 0.9999999999999876
0.8690000000000000 1.0000000000000107
0.8700000000000000 1.0000000000000036
0.8710000000000000 1.0000000000000071
0.8720000000000000 1.0000000000000000
0.8730000000000000 0.9999999999999982
0.8740000000000000 1.0000000000000027
0.8750000000000000 1.0000000000000009
0.8760000000000000 0.9999999999999982
0.8770000000000000 1.0000000000000036
0.8780000000000000 1.0000000000000018
0.8790000000000000 0.9999999999999991
0.8800000000000000 1.0000000000000044
0.8810000000000000 1.0000000000000018
0.8820000000000000 1.0000000000000124
0.8830000000000000 1.0000000000000124
0.8840000000000000 1.0000000000000071
0.8850000000000000 1.0000000000000071
0.8860000000000000 1.0000000000000089
0.8870000000000000 1.0000000000000107
0.8880000000000000 1.0000000000000036
0.8890000000000000 0.9999999999999929
0.8900000000000000 0.9999999999999982
0.8910000000000000 0.9999999999999956
0.8920000000000000 1.0000000000000000
0.8930000000000000 0.9999999999999982
0.8940000000000000 0.9999999999999956
0.8950000000000000 1.0000000000000000
0.8960000000000000 0.9999999999999982
0.8970000000000000 0.9999999999999956
0.8980000000000000 1.0000000000000009
0.8990000000000000 0.9999999999999982
0.9000000000000000 1.0000000000000027
0.9010000000000000 0.9999999999999893
0.9020000000000000 0.9999999999999893
0.9030000000000000 0.9999999999999787
0.9040000000000000 0.9999999999999787
0.9050000000000000 0.9999999999999893
0.9060000000000000 0.9999999999999893
0.9070000000000000 0.9999999999999929
0.9080000000000000 0.9999999999999787
0.9090000000000000 0.9999999999999893
0.9100000000000000 0.9999999999999893
0.9110000000000000 1.0000000000000107
0.9120000000000000 1.0000000000000036
0.9130000000000000 0.9999999999999898
0.9140000000000000 0.9999999999999929
0.9150000000000000 0.9999999999999960
0.9160000000000000 0.9999999999999920
0.9170000000000000 0.9999999999999947
0.9180000000000000 0.9999999999999978
0.9190000000000000 1.0000000000000018
0.9200000000000000 0.9999999999999929
0.9210000000000000 0.9999999999999929
0.9220000000000000 1.0000000000000000
0.9230000000000000 0.9999999999999982
0.9240000000000000 0.9999999999999982
0.9250000000000000 0.9999999999999982
0.9260000000000000 0.9999999999999982
0.9270000000000000 0.9999999999999964
0.9280000000000000 1.0000000000000036
0.9290000000000000 0.9999999999999964
0.9300000000000000 0.9999999999999947
0.9310000000000000 1.0000000000000036
0.9320000000000001 1.0000000000000036
0.9330000000000001 1.0000000000000036
0.9340000000000001 1.0000000000000036
0.9350000000000001 1.0000000000000036
0.9360000000000001 1.0000000000000000
0.9370000000000001 1.0000000000000000
0.9380000000000001 1.0000000000000071
0.9390000000000001 1.0000000000000000
0.9400000000000001 1.0000000000000071
0.9410000000000001 1.0000000000000000
0.9420000000000001 1.0000000000000071
0.9430000000000001 0.9999999999999972
0.9440000000000001 1.0000000000000009
0.9450000000000001 0.9999999999999973
0.9460000000000001 0.9999999999999929
0.9470000000000001 0.9999999999999964
0.9480000000000001 0.9999999999999929
0.9490000000000001 0.9999999999999929
0.9500000000000001 0.9999999999999964
0.9510000000000001 0.9999999999999929
0.9520000000000001 1.0000000000000000
0.9530000000000001 0.9999999999999964
0.9540000000000001 1.0000000000000000
0.9550000000000001 1.0000000000000000
0.9560000000000001 1.0000000000000053
0.9570000000000001 0.9999999999999889
0.9580000000000001 1.0000000000000004
0.9590000000000001 0.9999999999999978
0.9600000000000000 0.9999999999999951
0.9610000000000000 1.0000000000000071
0.9620000000000000 0.9999999999999991
0.9630000000000000 1.0000000000000036
0.9640000000000000 1.0000000000000009
0.9650000000000000 0.9999999999999982
0.9660000000000000 1.0000000000000027
0.9670000000000000 0.9999999999999929
0.9680000000000000 0.9999999999999973
0.9690000000000000 1.0000000000000018
0.9700000000000000 0.9999999999999991
0.9710000000000000 0.9999999999999973
0.9720000000000000 1.0000000000000069
0.9730000000000000 1.0000000000000064
0.9740000000000000 1.0000000000000060
0.9750000000000000 1.0000000000000058
0.9760000000000000 1.0000000000000053
0.9770000000000000 1.0000000000000049
0.9780000000000000 0.9999999999999964
0.9790000000000000 1.0000000000000036
0.9800000000000000 1.0000000000000107
0.9810000000000000 1.0000000000000000
0.9820000000000000 0.9999999999999929
0.9830000000000000 1.0000000000000000
0.9840000000000000 1.0000000000000071
0.9850000000000000 1.0000000000000107
0.9860000000000000 1.0000000000000071
0.9870000000000000 1.0000000000000036
0.9880000000000000 1.0000000000000000
0.9890000000000000 1.0000000000000036
0.9900000000000000 1.0000000000000036
0.9910000000000000 1.0000000000000000
0.9920000000000000 1.0000000000000036
0.9930000000000000 1.0000000000000071
0.9940000000000000 1.0000000000000071
0.9950000000000000 1.0000000000000036
0.9960000000000000 1.0000000000000000
0.9970000000000000 1.0000000000000036
0.9980000000000000 0.9999999999999929
0.9990000000000000 1.0000000000000036
1.0000000000000000 1.0000000000000000
