0.0000000000000000 0.0000000000000000
0.0010000000000000 0.0043417817273650
0.0020000000000000 0.0086772420632551
0.0030000000000000 0.0130124329633199
0.0040000000000000 0.0173476238633848
0.0050000000000000 0.0216828147634496
0.0060000000000000 0.0260168958932724
0.0070000000000000 0.0303474783334733
0.0080000000000000 0.0346878994030056
0.0090000000000000 0.0390349319371189
0.0100000000000000 0.0433819644712322
0.0110000000000000 0.0477319377947919
0.0120000000000000 0.0520820108481148
0.0130000000000000 0.0564320839014376
0.0140000000000000 0.0607821569547605
0.0150000000000000 0.0651297549656414
0.0160000000000000 0.0694704059849817
0.0170000000000000 0.0738110570043219
0.0180000000000000 0.0781657741922682
0.0190000000000000 0.0825352930177759
0.0200000000000000 0.0869048118432836
0.0210000000000000 0.0912743306687913
0.0220000000000000 0.0956436830551533
0.0230000000000000 0.1000072405405822
0.0240000000000000 0.1043707980260111
0.0250000000000000 0.1087343555114400
0.0260000000000000 0.1130979129968688
0.0270000000000000 0.1174614704822977
0.0280000000000000 0.1218490917483448
0.0290000000000000 0.1262431053548391
0.0300000000000000 0.1306371189613334
0.0310000000000000 0.1350311325678277
0.0320000000000000 0.1394251461743220
0.0330000000000000 0.1438180204895628
0.0340000000000000 0.1482104534534511
0.0350000000000000 0.1526028864173394
0.0360000000000000 0.1570090387902074
0.0370000000000000 0.1614234998275521
0.0380000000000000 0.1658379608648968
0.0390000000000000 0.1702524219022417
0.0400000000000000 0.1746676256543234
0.0410000000000000 0.1790844210545232
0.0420000000000000 0.1835055565434721
0.0430000000000000 0.1879345540705412
0.0440000000000000 0.1923784185247464
0.0450000000000000 0.1968239070130627
0.0460000000000000 0.2012693955013787
0.0470000000000000 0.2057148839896951
0.0480000000000000 0.2101603724780113
0.0490000000000000 0.2146060162571254
0.0500000000000000 0.2190597953046194
0.0510000000000000 0.2235135743521134
0.0520000000000000 0.2279709582493188
0.0530000000000000 0.2324294291284168
0.0540000000000000 0.2368879000075149
0.0550000000000000 0.2413463708866128
0.0560000000000000 0.2458048417657110
0.0570000000000000 0.2502566162831514
0.0580000000000000 0.2546937432868531
0.0590000000000000 0.2591308702905545
0.0600000000000000 0.2635679972942563
0.0610000000000000 0.2680051242979579
0.0620000000000000 0.2724422513016596
0.0630000000000000 0.2768801698534453
0.0640000000000000 0.2813343121759373
0.0650000000000000 0.2857738708583867
0.0660000000000000 0.2901895632512886
0.0670000000000000 0.2946052556441904
0.0680000000000000 0.2990283775417398
0.0690000000000000 0.3034694851712479
0.0700000000000000 0.3079105928007566
0.0710000000000000 0.3123517004302649
0.0720000000000000 0.3167928080597729
0.0730000000000000 0.3212339156892816
0.0740000000000000 0.3256474905672074
0.0750000000000000 0.3299896157367911
0.0760000000000000 0.3343317409063749
0.0770000000000000 0.3386820188616441
0.0780000000000000 0.3430708136494396
0.0790000000000000 0.3474596084372356
0.0800000000000000 0.3517686441402231
0.0810000000000000 0.3560360565837181
0.0820000000000000 0.3603034690272125
0.0830000000000000 0.3645708814707068
0.0840000000000000 0.3687554075147490
0.0850000000000000 0.3728845710108409
0.0860000000000000 0.3770137345069335
0.0870000000000000 0.3811428980030255
0.0880000000000000 0.3852720614991177
0.0890000000000000 0.3894012249952103
0.0900000000000000 0.3934921022623673
0.0910000000000000 0.3975445989461469
0.0920000000000000 0.4015047259382597
0.0930000000000000 0.4054648529303724
0.0940000000000000 0.4094249799224852
0.0950000000000000 0.4133851069145980
0.0960000000000000 0.4171896959573234
0.0970000000000000 0.4208667141021920
0.0980000000000000 0.4245078191538398
0.0990000000000000 0.4281489242054877
0.1000000000000000 0.4317900292571357
0.1010000000000000 0.4354311343087835
0.1020000000000000 0.4390722393604323
0.1030000000000000 0.4427133444120800
0.1040000000000000 0.4463544494637280
0.1050000000000000 0.4496187291414746
0.1060000000000000 0.4525379048162885
0.1070000000000000 0.4554570804911032
0.1080000000000000 0.4583762561659172
0.1090000000000000 0.4612954318407315
0.1100000000000000 0.4642146075155471
0.1110000000000000 0.4671337831903610
0.1120000000000000 0.4704614843565724
0.1130000000000000 0.4737626121234446
0.1140000000000000 0.4763301033763669
0.1150000000000000 0.4788975946292879
0.1160000000000000 0.4814650858822106
0.1170000000000000 0.4840325771351325
0.1180000000000000 0.4866000683880535
0.1190000000000000 0.4898341376228539
0.1200000000000000 0.4933051842341750
0.1210000000000000 0.4967762308454966
0.1220000000000000 0.5002472774568190
0.1230000000000000 0.5037183240681405
0.1240000000000000 0.5071893706794620
0.1250000000000000 0.5093198993094865
0.1260000000000000 0.5109224776238910
0.1270000000000000 0.5125250559382944
0.1280000000000000 0.5141276342526988
0.1290000000000000 0.5154736895235288
0.1300000000000000 0.5167132695406880
0.1310000000000000 0.5186026554627038
0.1320000000000000 0.5213739819549925
0.1330000000000000 0.5241453084472814
0.1340000000000000 0.5269166349395721
0.1350000000000000 0.5286447094515675
0.1360000000000000 0.5285746829051450
0.1370000000000000 0.5285046563587235
0.1380000000000000 0.5284346298123009
0.1390000000000000 0.5283646032658776
0.1400000000000000 0.5305485712965534
0.1410000000000000 0.5328671505299289
0.1420000000000000 0.5346765738154382
0.1430000000000000 0.5364859971009478
0.1440000000000000 0.5382954203864581
0.1450000000000000 0.5401048436719660
0.1460000000000000 0.5419142669574752
0.1470000000000000 0.5436771777095454
0.1480000000000000 0.5450374852179708
0.1490000000000000 0.5463895407634615
0.1500000000000000 0.5477192932654666
0.1510000000000000 0.5490490457674713
0.1520000000000000 0.5503787982694760
0.1530000000000000 0.5517085507714805
0.1540000000000000 0.5526546635101399
0.1550000000000000 0.5532952147964977
0.1560000000000000 0.5539357660828524
0.1570000000000000 0.5545763173692082
0.1580000000000000 0.5554473319455872
0.1590000000000000 0.5574012613729716
0.1600000000000000 0.5593551908003518
0.1610000000000000 0.5613091202277318
0.1620000000000000 0.5630309637873899
0.1630000000000000 0.5632255257743446
0.1640000000000000 0.5634200877612973
0.1650000000000000 0.5636146497482499
0.1660000000000000 0.5638201155505463
0.1670000000000000 0.5640377670898756
0.1680000000000000 0.5642554186292070
0.1690000000000000 0.5644730701685363
0.1700000000000000 0.5646907217078676
0.1710000000000000 0.5645312773553975
0.1720000000000000 0.5640752255387398
0.1730000000000000 0.5652513056195549
0.1740000000000000 0.5664847780932728
0.1750000000000000 0.5677182505669868
0.1760000000000000 0.5681593304201467
0.1770000000000000 0.5683214358502011
0.1780000000000000 0.5684835412802547
0.1790000000000000 0.5686456467103078
0.1800000000000000 0.5688077521403634
0.1810000000000000 0.5689698575704168
0.1820000000000000 0.5690512845231913
0.1830000000000000 0.5689272275796121
0.1840000000000000 0.5688031706360350
0.1850000000000000 0.5686791136924538
0.1860000000000000 0.5684670316724703
0.1870000000000000 0.5681447650044639
0.1880000000000000 0.5678140245664288
0.1890000000000000 0.5674832841283916
0.1900000000000000 0.5673886035878430
0.1910000000000000 0.5674783004245062
0.1920000000000000 0.5675679972611694
0.1930000000000000 0.5676576940978305
0.1940000000000000 0.5677473909344917
0.1950000000000000 0.5678370877711558
0.1960000000000000 0.5679267846078180
0.1970000000000000 0.5680164814444792
0.1980000000000000 0.5681192108819083
0.1990000000000000 0.5682296697885303
0.2000000000000000 0.5682677177572057
0.2010000000000000 0.5678965212020579
0.2020000000000000 0.5675253246469063
0.2030000000000000 0.5671853610533715
0.2040000000000000 0.5669374173335173
0.2050000000000000 0.5666894736136632
0.2060000000000000 0.5664415298938110
0.2070000000000000 0.5661935861739568
0.2080000000000000 0.5659456424541027
0.2090000000000000 0.5654462414360965
0.2100000000000000 0.5648535236191295
0.2110000000000000 0.5653805536152323
0.2120000000000000 0.5660368881947517
0.2130000000000000 0.5666932227742725
0.2140000000000000 0.5673495573537938
0.2150000000000000 0.5680058919333145
0.2160000000000000 0.5686461038345355
0.2170000000000000 0.5692702657123910
0.2180000000000000 0.5698944275902446
0.2190000000000000 0.5705185894681001
0.2200000000000000 0.5711427513459536
0.2210000000000000 0.5717715857182444
0.2220000000000000 0.5750235326358535
0.2230000000000000 0.5782754795534624
0.2240000000000000 0.5820418048573814
0.2250000000000000 0.5871900072280505
0.2260000000000000 0.5923382095987133
0.2270000000000000 0.6006803920046753
0.2280000000000000 0.6108362442819931
0.2290000000000000 0.6209920965593112
0.2300000000000000 0.6310782105857171
0.2310000000000000 0.6406391226541821
0.2320000000000000 0.6502000347226470
0.2330000000000000 0.6597609467911119
0.2340000000000000 0.6693218588595763
0.2350000000000000 0.6794619497217020
0.2360000000000000 0.6926475548753838
0.2370000000000000 0.7058331600290622
0.2380000000000000 0.7190187651827411
0.2390000000000000 0.7322043703364229
0.2400000000000000 0.7453899754901019
0.2410000000000000 0.7585755806437811
0.2420000000000000 0.7718684443413720
0.2430000000000000 0.7853007589117388
0.2440000000000000 0.7987330734821085
0.2450000000000000 0.8099255404441655
0.2460000000000000 0.8208652030971948
0.2470000000000000 0.8318048657502297
0.2480000000000000 0.8427445284032588
0.2490000000000000 0.8536109792902683
0.2500000000000000 0.8643941645320278
0.2510000000000000 0.8749153538876961
0.2520000000000000 0.8821731013829912
0.2530000000000000 0.8894308488782884
0.2540000000000000 0.8965697954204559
0.2550000000000000 0.9037007800390078
0.2560000000000000 0.9108317646575681
0.2570000000000000 0.9161212134687414
0.2580000000000000 0.9202956942819560
0.2590000000000000 0.9244701750951678
0.2600000000000000 0.9286446559083832
0.2610000000000000 0.9328191367215910
0.2620000000000000 0.9368610010945846
0.2630000000000000 0.9407195943072368
0.2640000000000000 0.9445781875198860
0.2650000000000000 0.9480451396501184
0.2660000000000000 0.9503029724877565
0.2670000000000000 0.9525608053254010
0.2680000000000000 0.9548006077633400
0.2690000000000000 0.9568211010548571
0.2700000000000000 0.9588415943463773
0.2710000000000000 0.9608620876378944
0.2720000000000000 0.9628825809294113
0.2730000000000000 0.9647518404232035
0.2740000000000000 0.9661213015031502
0.2750000000000000 0.9674907625831041
0.2760000000000000 0.9688602236630544
0.2770000000000000 0.9702296847430012
0.2780000000000000 0.9715991458229549
0.2790000000000000 0.9727894189372186
0.2800000000000000 0.9739081456995969
0.2810000000000000 0.9749395607439078
0.2820000000000000 0.9757645268569753
0.2830000000000000 0.9765894929700434
0.2840000000000000 0.9774144590831149
0.2850000000000000 0.9782394251961828
0.2860000000000000 0.9790643913092509
0.2870000000000000 0.9798893574223220
0.2880000000000000 0.9806946074746047
0.2890000000000000 0.9814947570751047
0.2900000000000000 0.9821243659383989
0.2910000000000000 0.9827377622574591
0.2920000000000000 0.9833511585765264
0.2930000000000000 0.9839406485741193
0.2940000000000000 0.9845165997237981
0.2950000000000000 0.9850925508734715
0.2960000000000000 0.9855864647310516
0.2970000000000000 0.9860540001910193
0.2980000000000000 0.9865055532170870
0.2990000000000000 0.9869306612529887
0.3000000000000000 0.9873557692888887
0.3010000000000000 0.9877808773247849
0.3020000000000000 0.9882059853606867
0.3030000000000000 0.9886310933965865
0.3040000000000000 0.9890562014324882
0.3050000000000000 0.9894466963745799
0.3060000000000000 0.9897507895234546
0.3070000000000000 0.9900548826723320
0.3080000000000000 0.9903589758212101
0.3090000000000000 0.9906630689700885
0.3100000000000000 0.9909671621189641
0.3110000000000000 0.9912712552678423
0.3120000000000000 0.9915641570859495
0.3130000000000000 0.9918534662896470
0.3140000000000000 0.9921427754933384
0.3150000000000000 0.9924320846970367
0.3160000000000000 0.9927213939007350
0.3170000000000000 0.9930107031044264
0.3180000000000000 0.9933000123081247
0.3190000000000000 0.9935893215118196
0.3200000000000000 0.9937880034425108
0.3210000000000000 0.9939781431047627
0.3220000000000000 0.9941682827670120
0.3230000000000000 0.9943584224292570
0.3240000000000000 0.9945485620915089
0.3250000000000000 0.9947387017537538
0.3260000000000000 0.9949288414159985
0.3270000000000000 0.9951189810782506
0.3280000000000000 0.9953091207404954
0.3290000000000000 0.9954462401427723
0.3300000000000000 0.9955694761350105
0.3310000000000000 0.9956927121272550
0.3320000000000000 0.9958159481194948
0.3330000000000000 0.9959391841117375
0.3340000000000000 0.9960624201039775
0.3350000000000000 0.9961856560962219
0.3360000000000000 0.9963088920884602
0.3370000000000000 0.9964321280807047
0.3380000000000000 0.9965553640729481
0.3390000000000000 0.9966786000651890
0.3400000000000000 0.9968018360574291
0.3410000000000000 0.9969250720496698
0.3420000000000000 0.9970483080419135
0.3430000000000000 0.9971715440341544
0.3440000000000000 0.9972943601995139
0.3450000000000000 0.9974063691255246
0.3460000000000000 0.9975183780515315
0.3470000000000000 0.9976303869775386
0.3480000000000000 0.9977042172615771
0.3490000000000000 0.9977779114667525
0.3500000000000000 0.9978488522003711
0.3510000000000000 0.9979145565759708
0.3520000000000000 0.9979802609515666
0.3530000000000000 0.9980459653271625
0.3540000000000000 0.9981116697027622
0.3550000000000000 0.9981773740783546
0.3560000000000000 0.9982430784539542
0.3570000000000000 0.9983087828295502
0.3580000000000000 0.9983744872051463
0.3590000000000000 0.9984401915807458
0.3600000000000000 0.9985058959563381
0.3610000000000000 0.9985716003319377
0.3620000000000000 0.9986373047075338
0.3630000000000000 0.9986844485061683
0.3640000000000000 0.9987231260149854
0.3650000000000000 0.9987618035238022
0.3660000000000000 0.9988004810326154
0.3670000000000000 0.9988391585414307
0.3680000000000000 0.9988778360502439
0.3690000000000000 0.9989148253854936
0.3700000000000000 0.9989502562761740
0.3710000000000000 0.9989856871668543
0.3720000000000000 0.9990211180575347
0.3730000000000000 0.9990565489482117
0.3740000000000000 0.9990919798388956
0.3750000000000000 0.9991274107295722
0.3760000000000000 0.9991628416202494
0.3770000000000000 0.9991982725109333
0.3780000000000000 0.9992337034016103
0.3790000000000000 0.9992691342922907
0.3800000000000000 0.9993045651829708
0.3810000000000000 0.9993289893610402
0.3820000000000000 0.9993518840083357
0.3830000000000000 0.9993747786556311
0.3840000000000000 0.9993976733029266
0.3850000000000000 0.9994205679502222
0.3860000000000000 0.9994434625975174
0.3870000000000000 0.9994663572448129
0.3880000000000000 0.9994862626012567
0.3890000000000000 0.9995056694988944
0.3900000000000000 0.9995250763965358
0.3910000000000000 0.9995444832941733
0.3920000000000000 0.9995603132035605
0.3930000000000000 0.9995737200275253
0.3940000000000000 0.9995871268514936
0.3950000000000000 0.9996005336754589
0.3960000000000000 0.9996139404994272
0.3970000000000000 0.9996273473233959
0.3980000000000000 0.9996407541473609
0.3990000000000000 0.9996541609713295
0.4000000000000000 0.9996675677952944
0.4010000000000000 0.9996809746192632
0.4020000000000000 0.9996943814432279
0.4030000000000000 0.9997077882671928
0.4040000000000000 0.9997211950911615
0.4050000000000000 0.9997346019151262
0.4060000000000000 0.9997480087390950
0.4070000000000000 0.9997610203840671
0.4080000000000000 0.9997729082920994
0.4090000000000000 0.9997810118235813
0.4100000000000000 0.9997879947187024
0.4110000000000000 0.9997946247267819
0.4120000000000000 0.9998010195691659
0.4130000000000000 0.9998074144115568
0.4140000000000000 0.9998138480546703
0.4150000000000000 0.9998204059308355
0.4160000000000000 0.9998269638070052
0.4170000000000000 0.9998335216831767
0.4180000000000000 0.9998400795593455
0.4190000000000000 0.9998466374355117
0.4200000000000000 0.9998531953116805
0.4210000000000000 0.9998597531878528
0.4220000000000000 0.9998663110640190
0.4230000000000000 0.9998728689401878
0.4240000000000000 0.9998794268163566
0.4250000000000000 0.9998841457888537
0.4260000000000000 0.9998883214395043
0.4270000000000000 0.9998924970901623
0.4280000000000000 0.9998966727408131
0.4290000000000000 0.9999008483914709
0.4300000000000000 0.9999050240421289
0.4310000000000000 0.9999091996927796
0.4320000000000000 0.9999133753434376
0.4330000000000000 0.9999175509940883
0.4340000000000000 0.9999217266447462
0.4350000000000000 0.9999252253394751
0.4360000000000000 0.9999285242863594
0.4370000000000000 0.9999311036638473
0.4380000000000000 0.9999332736247808
0.4390000000000000 0.9999354435857231
0.4400000000000000 0.9999376135466620
0.4410000000000000 0.9999397835076008
0.4420000000000000 0.9999419534685396
0.4430000000000000 0.9999441375484751
0.4440000000000000 0.9999463335614174
0.4450000000000000 0.9999485295743559
0.4460000000000000 0.9999507255872997
0.4470000000000000 0.9999529216002385
0.4480000000000000 0.9999551176131806
0.4490000000000000 0.9999573136261208
0.4500000000000000 0.9999595096390596
0.4510000000000000 0.9999617056520016
0.4520000000000000 0.9999639016649403
0.4530000000000000 0.9999657610561418
0.4540000000000000 0.9999669554890664
0.4550000000000000 0.9999681499219895
0.4560000000000000 0.9999693443549212
0.4570000000000000 0.9999704214312227
0.4580000000000000 0.9999714440445798
0.4590000000000000 0.9999724666579370
0.4600000000000000 0.9999734892712908
0.4610000000000000 0.9999745118846515
0.4620000000000000 0.9999755344980088
0.4630000000000000 0.9999765571113626
0.4640000000000000 0.9999775797247198
0.4650000000000000 0.9999786023380770
0.4660000000000000 0.9999796249514342
0.4670000000000000 0.9999806475647879
0.4680000000000000 0.9999816701781451
0.4690000000000000 0.9999826927915023
0.4700000000000000 0.9999837154048560
0.4710000000000000 0.9999847380182133
0.4720000000000000 0.9999856761917290
0.4730000000000000 0.9999863319647904
0.4740000000000000 0.9999869877378518
0.4750000000000000 0.9999874847997204
0.4760000000000000 0.9999879416440021
0.4770000000000000 0.9999883984882837
0.4780000000000000 0.9999888553325671
0.4790000000000000 0.9999893121768488
0.4800000000000000 0.9999897696920397
0.4810000000000000 0.9999902324194638
0.4820000000000000 0.9999906951468961
0.4830000000000000 0.9999911578743210
0.4840000000000000 0.9999916206017425
0.4850000000000000 0.9999920833291739
0.4860000000000000 0.9999925296761938
0.4870000000000000 0.9999927935998221
0.4880000000000000 0.9999930575234539
0.4890000000000000 0.9999933214470823
0.4900000000000000 0.9999935853707062
0.4910000000000000 0.9999938492943344
0.4920000000000000 0.9999941132179628
0.4930000000000000 0.9999943800382980
0.4940000000000000 0.9999946503930182
0.4950000000000000 0.9999949207477462
0.4960000000000000 0.9999951911024672
0.4970000000000000 0.9999954614571942
0.4980000000000000 0.9999957318119150
0.4990000000000000 0.9999960021666422
0.5000000000000000 0.9999962230522874
0.5010000000000000 0.9999963716178070
0.5020000000000000 0.9999965023742985
0.5030000000000000 0.9999966157243908
0.5040000000000000 0.9999967290744849
0.5050000000000000 0.9999968424245701
0.5060000000000000 0.9999969557746642
0.5070000000000000 0.9999970696153513
0.5080000000000000 0.9999971880641445
0.5090000000000000 0.9999973065129375
0.5100000000000000 0.9999974249617343
0.5110000000000000 0.9999975434105275
0.5120000000000000 0.9999976618593205
0.5130000000000000 0.9999977803081136
0.5140000000000000 0.9999978987569104
0.5150000000000000 0.9999980172057035
0.5160000000000000 0.9999981356544957
0.5170000000000000 0.9999982541032888
0.5180000000000000 0.9999983725520856
0.5190000000000000 0.9999984910008787
0.5200000000000000 0.9999985917535124
0.5210000000000000 0.9999986498819585
0.5220000000000000 0.9999987080103976
0.5230000000000000 0.9999987661388438
0.5240000000000000 0.9999988242672910
0.5250000000000000 0.9999988823957301
0.5260000000000000 0.9999989405241693
0.5270000000000000 0.9999989986526083
0.5280000000000000 0.9999990567810545
0.5290000000000000 0.9999991149095016
0.5300000000000000 0.9999991685087243
0.5310000000000000 0.9999991992714511
0.5320000000000000 0.9999992310575248
0.5330000000000000 0.9999992630897871
0.5340000000000000 0.9999992951220498
0.5350000000000000 0.9999993271543122
0.5360000000000000 0.9999993591865747
0.5370000000000000 0.9999993912188390
0.5380000000000000 0.9999994232511014
0.5390000000000000 0.9999994552833640
0.5400000000000000 0.9999994873156264
0.5410000000000000 0.9999995193478888
0.5420000000000000 0.9999995513801514
0.5430000000000000 0.9999995778656211
0.5440000000000000 0.9999995949957646
0.5450000000000000 0.9999996121259228
0.5460000000000000 0.9999996292560733
0.5470000000000000 0.9999996463862169
0.5480000000000000 0.9999996607976089
0.5490000000000000 0.9999996751244501
0.5500000000000000 0.9999996894512984
0.5510000000000000 0.9999997037781395
0.5520000000000000 0.9999997181049878
0.5530000000000000 0.9999997324318290
0.5540000000000000 0.9999997467586736
0.5550000000000000 0.9999997610855185
0.5560000000000000 0.9999997754123632
0.5570000000000001 0.9999997897392079
0.5580000000000001 0.9999998040660490
0.5590000000000001 0.9999998183928973
0.5600000000000001 0.9999998325512665
0.5610000000000001 0.9999998389449637
0.5620000000000001 0.9999998453386539
0.5630000000000001 0.9999998517323513
0.5640000000000001 0.9999998581260485
0.5650000000000001 0.9999998645197459
0.5660000000000001 0.9999998709134361
0.5670000000000001 0.9999998773071335
0.5680000000000001 0.9999998837008308
0.5690000000000001 0.9999998900945211
0.5700000000000001 0.9999998964882184
0.5710000000000001 0.9999999028819158
0.5720000000000001 0.9999999092756060
0.5730000000000001 0.9999999157640076
0.5740000000000001 0.9999999224134080
0.5750000000000001 0.9999999273837888
0.5760000000000001 0.9999999304556131
0.5770000000000000 0.9999999334756503
0.5780000000000000 0.9999999361114196
0.5790000000000000 0.9999999387471852
0.5800000000000000 0.9999999413829508
0.5810000000000000 0.9999999440187128
0.5820000000000000 0.9999999466544784
0.5830000000000000 0.9999999492902495
0.5840000000000000 0.9999999519260115
0.5850000000000000 0.9999999545617807
0.5860000000000000 0.9999999572810789
0.5870000000000000 0.9999999600274989
0.5880000000000000 0.9999999627739118
0.5890000000000000 0.9999999655203309
0.5900000000000000 0.9999999682667438
0.5910000000000000 0.9999999709672198
0.5920000000000000 0.9999999731224587
0.5930000000000000 0.9999999743512109
0.5940000000000000 0.9999999754259031
0.5950000000000000 0.9999999765005813
0.5960000000000000 0.9999999775752727
0.5970000000000000 0.9999999786499578
0.5980000000000000 0.9999999797246421
0.5990000000000000 0.9999999807993344
0.6000000000000000 0.9999999818740115
0.6010000000000000 0.9999999829487038
0.6020000000000000 0.9999999840233890
0.6030000000000000 0.9999999850980732
0.6040000000000000 0.9999999861628723
0.6050000000000000 0.9999999872274487
0.6060000000000000 0.9999999882920116
0.6070000000000000 0.9999999892006104
0.6080000000000000 0.9999999895954124
0.6090000000000000 0.9999999899851404
0.6100000000000000 0.9999999903748762
0.6110000000000000 0.9999999907646042
0.6120000000000000 0.9999999911553837
0.6130000000000000 0.9999999915479816
0.6140000000000000 0.9999999919405861
0.6150000000000000 0.9999999923331870
0.6160000000000000 0.9999999927257920
0.6170000000000000 0.9999999931183965
0.6180000000000000 0.9999999935109908
0.6190000000000000 0.9999999939035953
0.6200000000000000 0.9999999942962002
0.6210000000000000 0.9999999946888012
0.6220000000000000 0.9999999950814061
0.6230000000000000 0.9999999954740106
0.6240000000000000 0.9999999958666085
0.6250000000000000 0.9999999962592094
0.6260000000000000 0.9999999965254280
0.6270000000000000 0.9999999966660214
0.6280000000000000 0.9999999968066219
0.6290000000000000 0.9999999969472151
0.6300000000000000 0.9999999970878121
0.6310000000000000 0.9999999972334712
0.6320000000000000 0.9999999973798839
0.6330000000000000 0.9999999975262950
0.6340000000000000 0.9999999976727023
0.6350000000000000 0.9999999978191167
0.6360000000000000 0.9999999979655294
0.6370000000000000 0.9999999981119404
0.6380000000000000 0.9999999982583478
0.6390000000000000 0.9999999984047624
0.6400000000000000 0.9999999985511715
0.6410000000000000 0.9999999986975791
0.6420000000000000 0.9999999987722149
0.6430000000000000 0.9999999988339583
0.6440000000000000 0.9999999988956998
0.6450000000000000 0.9999999989574573
0.6460000000000000 0.9999999990191935
0.6470000000000000 0.9999999990809366
0.6480000000000000 0.9999999991426782
0.6490000000000000 0.9999999992044215
0.6500000000000000 0.9999999992661789
0.6510000000000000 0.9999999992962227
0.6520000000000000 0.9999999993222786
0.6530000000000000 0.9999999993488516
0.6540000000000000 0.9999999993754252
0.6550000000000000 0.9999999994019946
0.6560000000000000 0.9999999994285682
0.6570000000000000 0.9999999994551376
0.6580000000000000 0.9999999994817113
0.6590000000000000 0.9999999995082843
0.6600000000000000 0.9999999995348544
0.6610000000000000 0.9999999995614309
0.6620000000000000 0.9999999995880010
0.6630000000000000 0.9999999996145740
0.6640000000000000 0.9999999996411434
0.6650000000000000 0.9999999996677170
0.6660000000000000 0.9999999996942865
0.6670000000000000 0.9999999997208637
0.6680000000000000 0.9999999997474296
0.6690000000000000 0.9999999997740067
0.6700000000000000 0.9999999998005833
0.6710000000000000 0.9999999998260961
0.6720000000000000 0.9999999998455853
0.6730000000000000 0.9999999998568531
0.6740000000000000 0.9999999998634721
0.6750000000000000 0.9999999998700841
0.6760000000000000 0.9999999998766961
0.6770000000000000 0.9999999998833164
0.6780000000000000 0.9999999998897977
0.6790000000000000 0.9999999998962807
0.6800000000000000 0.9999999999027709
0.6810000000000000 0.9999999999092539
0.6820000000000001 0.9999999999157353
0.6830000000000001 0.9999999999222184
0.6840000000000001 0.9999999999287016
0.6850000000000001 0.9999999999351845
0.6860000000000001 0.9999999999416676
0.6870000000000001 0.9999999999467919
0.6880000000000001 0.9999999999494551
0.6890000000000001 0.9999999999521254
0.6900000000000001 0.9999999999547975
0.6910000000000001 0.9999999999574678
0.6920000000000001 0.9999999999601328
0.6930000000000001 0.9999999999628031
0.6940000000000001 0.9999999999654734
0.6950000000000001 0.9999999999680768
0.6960000000000001 0.9999999999706236
0.6970000000000001 0.9999999999731739
0.6980000000000001 0.9999999999755650
0.6990000000000001 0.9999999999764748
0.7000000000000001 0.9999999999773845
0.7010000000000001 0.9999999999783015
0.7020000000000001 0.9999999999792113
0.7030000000000001 0.9999999999801210
0.7040000000000000 0.9999999999810754
0.7050000000000000 0.9999999999820491
0.7060000000000000 0.9999999999830140
0.7070000000000000 0.9999999999839807
0.7080000000000000 0.9999999999849456
0.7090000000000000 0.9999999999859123
0.7100000000000000 0.9999999999868771
0.7110000000000000 0.9999999999878509
0.7120000000000000 0.9999999999888123
0.7130000000000000 0.9999999999897788
0.7140000000000000 0.9999999999907437
0.7150000000000000 0.9999999999917104
0.7160000000000000 0.9999999999926753
0.7170000000000000 0.9999999999936491
0.7180000000000000 0.9999999999944904
0.7190000000000000 0.9999999999947962
0.7200000000000000 0.9999999999951020
0.7210000000000000 0.9999999999953938
0.7220000000000000 0.9999999999956997
0.7230000000000000 0.9999999999960054
0.7240000000000000 0.9999999999963113
0.7250000000000000 0.9999999999966029
0.7260000000000000 0.9999999999969015
0.7270000000000000 0.9999999999971863
0.7280000000000000 0.9999999999974355
0.7290000000000000 0.9999999999975291
0.7300000000000000 0.9999999999976431
0.7310000000000000 0.9999999999977404
0.7320000000000000 0.9999999999978415
0.7330000000000000 0.9999999999979423
0.7340000000000000 0.9999999999980430
0.7350000000000000 0.9999999999981442
0.7360000000000000 0.9999999999982448
0.7370000000000000 0.9999999999983461
0.7380000000000000 0.9999999999984539
0.7390000000000000 0.9999999999985512
0.7400000000000000 0.9999999999986522
0.7410000000000000 0.9999999999987531
0.7420000000000000 0.9999999999988541
0.7430000000000000 0.9999999999989549
0.7440000000000000 0.9999999999990561
0.7450000000000000 0.9999999999991569
0.7460000000000000 0.9999999999992576
0.7470000000000000 0.9999999999993552
0.7480000000000000 0.9999999999994449
0.7490000000000000 0.9999999999994734
0.7500000000000000 0.9999999999995016
0.7510000000000000 0.9999999999995299
0.7520000000000000 0.9999999999995723
0.7530000000000000 0.9999999999996007
0.7540000000000000 0.9999999999996292
0.7550000000000000 0.9999999999996717
0.7560000000000000 0.9999999999996977
0.7570000000000000 0.9999999999997268
0.7580000000000000 0.9999999999997647
0.7590000000000000 0.9999999999997939
0.7600000000000000 0.9999999999998097
0.7610000000000000 0.9999999999998163
0.7620000000000000 0.9999999999998297
0.7630000000000000 0.9999999999998361
0.7640000000000000 0.9999999999998430
0.7650000000000000 0.9999999999998495
0.7660000000000000 0.9999999999998630
0.7670000000000000 0.9999999999998699
0.7680000000000000 0.9999999999998763
0.7690000000000000 0.9999999999998900
0.7700000000000000 0.9999999999998964
0.7710000000000000 0.9999999999999033
0.7720000000000000 0.9999999999999167
0.7730000000000000 0.9999999999999232
0.7740000000000000 0.9999999999999297
0.7750000000000000 0.9999999999999437
0.7760000000000000 0.9999999999999502
0.7770000000000000 0.9999999999999507
0.7780000000000000 0.9999999999999600
0.7790000000000000 0.9999999999999689
0.7800000000000000 0.9999999999999778
0.7810000000000000 0.9999999999999938
0.7820000000000000 0.9999999999999964
0.7830000000000000 0.9999999999999947
0.7840000000000000 0.9999999999999876
0.7850000000000000 0.9999999999999885
0.7860000000000000 0.9999999999999822
0.7870000000000000 0.9999999999999902
0.7880000000000000 0.9999999999999845
0.7890000000000000 0.9999999999999925
0.7900000000000000 0.9999999999999862
0.7910000000000000 0.9999999999999942
0.7920000000000000 0.9999999999999880
0.7930000000000000 0.9999999999999925
0.7940000000000000 0.9999999999999911
0.7950000000000000 0.9999999999999902
0.7960000000000000 0.9999999999999956
0.7970000000000000 0.9999999999999949
0.7980000000000000 0.9999999999999944
0.7990000000000000 0.9999999999999938
0.8000000000000000 1.0000000000000004
0.8010000000000000 0.9999999999999929
0.8020000000000000 0.9999999999999993
0.8030000000000000 0.9999999999999918
0.8040000000000000 0.9999999999999984
0.8050000000000000 0.9999999999999978
0.8060000000000000 0.9999999999999973
0.8070000000000001 0.9999999999999967
0.8080000000000001 1.0000000000000044
0.8090000000000001 1.0000000000000062
0.8100000000000001 1.0000000000000080
0.8110000000000001 1.0000000000000098
0.8120000000000001 1.0000000000000018
0.8130000000000001 0.9999999999999982
0.8140000000000001 1.0000000000000018
0.8150000000000001 0.9999999999999964
0.8160000000000001 1.0000000000000000
0.8170000000000001 0.9999999999999964
0.8180000000000001 1.0000000000000000
0.8190000000000001 0.9999999999999964
0.8200000000000001 0.9999999999999929
0.8210000000000001 1.0000000000000036
0.8220000000000001 1.0000000000000000
0.8230000000000001 1.0000000000000036
0.8240000000000001 1.0000000000000000
0.8250000000000001 0.9999999999999982
0.8260000000000001 0.9999999999999982
0.8270000000000001 0.9999999999999991
0.8280000000000001 0.9999999999999960
0.8290000000000001 0.9999999999999981
0.8300000000000001 1.0000000000000002
0.8310000000000001 1.0000000000000024
0.8320000000000001 1.0000000000000044
0.8330000000000000 0.9999999999999923
0.8340000000000000 0.9999999999999944
0.8350000000000000 0.9999999999999967
0.8360000000000000 0.9999999999999988
0.8370000000000000 1.0000000000000009
0.8380000000000000 0.9999999999999888
0.8390000000000000 0.9999999999999910
0.8400000000000000 0.9999999999999964
0.8410000000000000 0.9999999999999964
0.8420000000000000 0.9999999999999893
0.8430000000000000 0.9999999999999893
0.8440000000000000 0.9999999999999929
0.8450000000000000 0.9999999999999893
0.8460000000000000 0.9999999999999893
0.8470000000000000 0.9999999999999929
0.8480000000000000 0.9999999999999964
0.8490000000000000 1.0000000000000000
0.8500000000000000 0.9999999999999858
0.8510000000000000 0.9999999999999787
0.8520000000000000 0.9999999999999822
0.8530000000000000 0.9999999999999840
0.8540000000000000 0.9999999999999805
0.8550000000000000 0.9999999999999805
0.8560000000000000 0.9999999999999805
0.8570000000000000 1.0000000000000071
0.8580000000000000 1.0000000000000000
0.8590000000000000 0.9999999999999920
0.8600000000000000 0.9999999999999982
0.8610000000000000 0.9999999999999978
0.8620000000000000 0.9999999999999969
0.8630000000000000 0.9999999999999960
0.8640000000000000 1.0000000000000027
0.8650000000000000 0.9999999999999947
0.8660000000000000 0.9999999999999942
0.8670000000000000 0.9999999999999933
0.8680000000000000 0.9999999999999929
0.8690000000000000 0.9999999999999991
0.8700000000000000 0.9999999999999916
0.8710000000000000 0.9999999999999978
0.8720000000000000 1.0000000000000213
0.8730000000000000 1.0000000000000142
0.8740000000000000 1.0000000000000213
0.8750000000000000 1.0000000000000142
0.8760000000000000 1.0000000000000213
0.8770000000000000 1.0000000000000142
0.8780000000000000 1.0000000000000213
0.8790000000000000 1.0000000000000071
0.8800000000000000 0.9999999999999929
0.8810000000000000 1.0000000000000036
0.8820000000000000 1.0000000000000000
0.8830000000000000 1.0000000000000018
0.8840000000000000 0.9999999999999982
0.8850000000000000 0.9999999999999929
0.8860000000000000 0.9999999999999947
0.8870000000000000 0.9999999999999982
0.8880000000000000 0.9999999999999929
0.8890000000000000 0.9999999999999982
0.8900000000000000 0.9999999999999982
0.8910000000000000 1.0000000000000000
0.8920000000000000 1.0000000000000000
0.8930000000000000 0.9999999999999947
0.8940000000000000 0.9999999999999964
0.8950000000000000 0.9999999999999964
0.8960000000000000 0.9999999999999982
0.8970000000000000 1.0000000000000053
0.8980000000000000 1.0000000000000000
0.8990000000000000 1.0000000000000018
0.9000000000000000 1.0000000000000027
0.9010000000000000 0.9999999999999938
0.9020000000000000 0.9999999999999893
0.9030000000000000 0.9999999999999787
0.9040000000000000 0.9999999999999893
0.9050000000000000 0.9999999999999929
0.9060000000000000 0.9999999999999858
0.9070000000000000 0.9999999999999893
0.9080000000000000 0.9999999999999964
0.9090000000000000 1.0000000000000000
0.9100000000000000 1.0000000000000249
0.9110000000000000 1.0000000000000124
0.9120000000000000 0.9999999999999911
0.9130000000000000 0.9999999999999960
0.9140000000000000 0.9999999999999987
0.9150000000000000 1.0000000000000018
0.9160000000000000 0.9999999999999978
0.9170000000000000 0.9999999999999938
0.9180000000000000 0.9999999999999969
0.9190000000000000 0.9999999999999929
0.9200000000000000 0.9999999999999956
0.9210000000000000 0.9999999999999987
0.9220000000000000 1.0000000000000018
0.9230000000000000 0.9999999999999978
0.9240000000000000 1.0000000000000009
0.9250000000000000 1.0000000000000040
0.9260000000000000 0.9999999999999929
0.9270000000000000 0.9999999999999956
0.9280000000000000 0.9999999999999987
0.9290000000000000 0.9999999999999947
0.9300000000000000 0.9999999999999978
0.9310000000000000 1.0000000000000009
0.9320000000000001 0.9999999999999969
0.9330000000000001 1.0000000000000000
0.9340000000000001 1.0000000000000027
0.9350000000000001 1.0000000000000089
0.9360000000000001 0.9999999999999873
0.9370000000000001 0.9999999999999872
0.9380000000000001 0.9999999999999870
0.9390000000000001 0.9999999999999869
0.9400000000000001 0.9999999999999867
0.9410000000000001 0.9999999999999865
0.9420000000000001 0.9999999999999862
0.9430000000000001 0.9999999999999861
0.9440000000000001 0.9999999999999860
0.9450000000000001 0.9999999999999858
0.9460000000000001 0.9999999999999856
0.9470000000000001 0.9999999999999782
0.9480000000000001 0.9999999999999781
0.9490000000000001 0.9999999999999780
0.9500000000000001 0.9999999999999858
0.9510000000000001 0.9999999999999969
0.9520000000000001 0.9999999999999933
0.9530000000000001 1.0000000000000044
0.9540000000000001 0.9999999999999871
0.9550000000000001 0.9999999999999982
0.9560000000000001 0.9999999999999951
0.9570000000000001 1.0000000000000062
0.9580000000000001 0.9999999999999885
0.9590000000000001 0.9999999999999996
0.9600000000000000 0.9999999999999969
0.9610000000000000 0.9999999999999933
0.9620000000000000 1.0000000000000044
0.9630000000000000 0.9999999999999871
0.9640000000000000 0.9999999999999942
0.9650000000000000 0.9999999999999893
0.9660000000000000 0.9999999999999918
0.9670000000000000 0.9999999999999940
0.9680000000000000 0.9999999999999893
0.9690000000000000 0.9999999999999916
0.9700000000000000 0.9999999999999940
0.9710000000000000 0.9999999999999891
0.9720000000000000 0.9999999999999916
0.9730000000000000 0.9999999999999938
0.9740000000000000 0.9999999999999891
0.9750000000000000 0.9999999999999913
0.9760000000000000 0.9999999999999938
0.9770000000000000 0.9999999999999889
0.9780000000000000 0.9999999999999984
0.9790000000000000 0.9999999999999936
0.9800000000000000 0.9999999999999889
0.9810000000000000 1.0000000000000000
0.9820000000000000 1.0000000000000142
0.9830000000000000 1.0000000000000142
0.9840000000000000 1.0000000000000000
0.9850000000000000 0.9999999999999929
0.9860000000000000 0.9999999999999929
0.9870000000000000 1.0000000000000000
0.9880000000000000 0.9999999999999858
0.9890000000000000 0.9999999999999929
0.9900000000000000 0.9999999999999929
0.9910000000000000 1.0000000000000000
0.9920000000000000 1.0000000000000036
0.9930000000000000 1.0000000000000036
0.9940000000000000 0.9999999999999964
0.9950000000000000 1.0000000000000107
0.9960000000000000 1.0000000000000036
0.9970000000000000 1.0000000000000036
0.9980000000000000 0.9999999999999964
0.9990000000000000 1.0000000000000107
1.0000000000000000 1.0000000000000036
