-0.500000000000000	0.287002398042860
-0.499283930660852	0.286705254242532
-0.498559964003105	0.284002727651045
-0.496956232338037	0.279586291589298
-0.496809980266004	0.275697869775404
-0.496175152791227	0.273107818338491
-0.494472351392162	0.272390735072882
-0.493200361947425	0.267882620442978
-0.492913957078765	0.266316925089911
-0.492205071539332	0.258327713873390
-0.492132734739002	0.263542095690470
-0.490215700612660	0.253148582535055
-0.488172519283540	0.248012839084653
-0.486289059062942	0.246758536417484
-0.483836152519574	0.243329451505195
-0.481658125194822	0.241011864468843
-0.478737521106453	0.235665999594397
-0.477463761865048	0.234533370599596
-0.475719394481290	0.228173914734200
-0.475504483637987	0.230070043888670
-0.472892158922007	0.224970208864315
-0.468429047961347	0.218999039849022
-0.464392560051536	0.216934479939434
-0.462118323461498	0.214738796110344
-0.459488813050411	0.212095512755309
-0.457079907394359	0.208983462095483
-0.453347549173693	0.207400588210031
-0.450385387647306	0.205096751871428
-0.447511874349929	0.203283820189815
-0.441034319757873	0.199531529376916
-0.439486703103223	0.197807941113322
-0.433421451901551	0.194448244665208
-0.432949600940961	0.193772037511510
-0.430816958092871	0.189250828999850
-0.426920618023704	0.185883052013995
-0.423211908629510	0.180601514338873
-0.422950197369102	0.178229310194906
-0.420166897091463	0.176382854689862
-0.414702091640111	0.172215813441720
-0.412649558691044	0.170148389192740
-0.409276648484097	0.167008233495664
-0.401852450957283	0.165695978904868
-0.397975473112326	0.164570285352294
-0.395412018659044	0.162460313188156
-0.394301747387016	0.160207690890085
-0.388572490270983	0.158965714633955
-0.386642755206410	0.158108478444667
-0.382692812698971	0.155904827837276
-0.380011691037366	0.155519903342788
-0.376549989541850	0.154032046774782
-0.374531226332674	0.153539332828800
-0.371908188056907	0.152236709506848
-0.368387802320906	0.150686907074841
-0.363786179050682	0.147792489451191
-0.360261002445582	0.145626522610828
-0.356423010520600	0.145321596901169
-0.350842387469133	0.142845784957772
-0.349856035071928	0.142013339216601
-0.346188702654548	0.138424870153494
-0.341343041274586	0.136613005692843
-0.340882573693562	0.136181582993136
-0.333586000239357	0.132756827177090
-0.332694234456018	0.132619939221762
-0.332398688863513	0.132551905554511
-0.327581308246834	0.130379723388511
-0.324580590537906	0.128920469938263
-0.318382364641153	0.126010009095114
-0.317838071147055	0.125663624483475
-0.317297015959033	0.125497292294915
-0.310603285028777	0.122353400827339
-0.304354108442324	0.120214885333801
-0.303232431196302	0.119408415596441
-0.298898952937816	0.116332081749673
-0.296705007235455	0.115603746353421
-0.292707560875970	0.114359378339367
-0.288113322095380	0.113571867152792
-0.283027780021793	0.111801192361591
-0.281459870279817	0.110806689272972
-0.279757016812054	0.110216812578195
-0.273333372407504	0.107997410461849
-0.269702631353867	0.107619208651158
-0.265418508063469	0.105800984386701
-0.258858592490607	0.105004335696384
-0.255616833335489	0.104437235152790
-0.253129019760111	0.103451041944487
-0.250102899527919	0.099934671838690
-0.247232318785192	0.097994544360351
-0.240682333551412	0.096829082142174
-0.237198355283200	0.098368074474938
-0.235033988709479	0.099217541921756
-0.230228697595344	0.098733402023157
-0.228009890352146	0.098572817015121
-0.224263305887861	0.098478970103853
-0.218630362868787	0.098844511245408
-0.216783385191354	0.098498427066071
-0.212493905604636	0.097678864448398
-0.207697582452424	0.098608922527519
-0.204208068085781	0.098320435881347
-0.199575023697669	0.097890610300554
-0.196156680184546	0.097272557991461
-0.187893664717570	0.094539219354830
-0.187691815030553	0.094354101909731
-0.187517865270049	0.094223045422377
-0.186901587164165	0.094201867871562
-0.180723794939682	0.093024842887269
-0.177368463975101	0.092702318352597
-0.173946066226340	0.092843613865159
-0.169464709566097	0.092107183088080
-0.165179791215571	0.091941406885551
-0.160453836541971	0.091272079809189
-0.157661251397380	0.091247134855097
-0.155329793203752	0.090680094053760
-0.152119925649322	0.090011466728656
-0.149919669512132	0.089270305794816
-0.147620999898829	0.089479376206783
-0.141920753380496	0.089313831562774
-0.137715356011226	0.090016047458781
-0.135656266188082	0.089664878094271
-0.132681537841133	0.089352629317179
-0.129006835298686	0.088305698072421
-0.124883628575607	0.086596223843834
-0.122375190506580	0.085810224647650
-0.119791779805614	0.085851942390809
-0.111751839801767	0.086872699455644
-0.109409271500625	0.086876114872980
-0.107956866691907	0.087644157887671
-0.106163214475242	0.088184282222867
-0.105084606728364	0.088325161816942
-0.101195740678452	0.088060750210587
-0.095038517749407	0.086217783481261
-0.091020690424974	0.084956623004834
-0.088847004073136	0.084722387415629
-0.084602566943759	0.085486873971424
-0.083822449587953	0.087887336154656
-0.082250510199011	0.088763784330711
-0.079393017675446	0.088428714707283
-0.072499065493107	0.086223200623794
-0.067654538731418	0.085585516571109
-0.065423842480688	0.085393329411212
-0.061051678639020	0.087558890682499
-0.058057962154193	0.089051456724859
-0.054230350726188	0.091111698751254
-0.050494946941217	0.091582699674267
-0.040631406142281	0.090728668550179
-0.040252553555417	0.090622380369388
-0.040022837601386	0.090607711647791
-0.038417042622908	0.089620973721855
-0.035137960816911	0.086995254569708
-0.034234837174397	0.086881976249551
-0.033481057436531	0.086848870451397
-0.028099610910642	0.086450326421353
-0.025723779433588	0.086549176188879
-0.018719134626050	0.087359181260504
-0.013011673399006	0.089006705972388
-0.012611640624310	0.089058646361385
-0.012332932218304	0.089078494723283
-0.010805504449449	0.089231751997254
-0.004447547734904	0.089496569705743
0.001531953973086	0.088800136202236
0.003006529308646	0.088457213842482
0.004434219042634	0.088714166636888
0.011993665746476	0.088723079858056
0.013492119150964	0.088532205938862
0.019355931217769	0.088728717600070
0.021990178266004	0.088836462240960
0.025117620180535	0.088617562593994
0.034601090376974	0.089688497345529
0.034686687576405	0.089695744694476
0.034797289083321	0.089721690827584
0.043636702365902	0.090601844876242
0.046856684496233	0.091349492075769
0.049741386207031	0.091985031380498
0.054988384149355	0.093344215382020
0.057904556416335	0.094698345668430
0.061122539271066	0.096168573005330
0.065589583629141	0.099636180333508
0.068456209839197	0.101662509536010
0.070558837764847	0.104017891981220
0.073307819114732	0.104898541453978
0.077197957304869	0.105754716622063
0.081458154809072	0.105685297452202
0.085957748062863	0.107052856851910
0.088685316677590	0.108150605027579
0.091232198202647	0.109929645589296
0.095013875889680	0.112046106913428
0.103375092145005	0.114224551195781
0.104366186653936	0.114404509682718
0.110151872865937	0.113776438535816
0.112782871848044	0.116624896249176
0.116609958224953	0.119835808158719
0.118256505563816	0.120107914298259
0.120421923706033	0.119241674504280
0.123355792536075	0.116074181244435
0.126677769187523	0.115985905371572
0.129799120454722	0.116502392135526
0.133523312614216	0.117621823176080
0.137401576702934	0.119872682079486
0.141089128379325	0.120929875277843
0.147547341652791	0.122169093636246
0.148785218405562	0.122726159388437
0.150740469992738	0.122698899103572
0.157775389362459	0.123185134460231
0.165009566670581	0.126128579998521
0.166801560456580	0.127294540485713
0.171450380333365	0.133031612207449
0.171499768593065	0.133045300488985
0.171526563556925	0.133053348017413
0.171637743806820	0.133016845493701
0.172060990642841	0.129509925279233
0.179344272569717	0.126505825510882
0.184941877064434	0.127931980828841
0.187205993394038	0.128046252798939
0.195515533766396	0.133394417675274
0.197639259323840	0.134406608874295
0.203608442176187	0.136910555578483
0.203937458803774	0.137001889751545
0.204823654342606	0.137272220203803
0.211016635379727	0.136808841604999
0.211480357647156	0.136897531479783
0.219226090699156	0.138911200216832
0.224338643347448	0.141844651331897
0.228772168405313	0.143512225971976
0.230807103266818	0.143828055131653
0.233804878902327	0.143501204255895
0.239709837029355	0.144954849560502
0.241436536266328	0.146147555787264
0.250404340553809	0.149511885008850
0.251682698371879	0.149704329718159
0.252424762500024	0.150133973854497
0.259262429959595	0.150237641068934
0.263110173932334	0.153727743932315
0.266819053862560	0.158143404371093
0.266953844660574	0.158198877565494
0.267062285444533	0.158239875207204
0.267175454830482	0.158239500529827
0.267481112774101	0.158172965227943
0.274263953292230	0.154542769449674
0.276287566674696	0.155974565281551
0.279170878155707	0.157093052895537
0.281200289997166	0.157453253891564
0.282860824545147	0.157831212313720
0.287872510795748	0.158191752147804
0.294150248849164	0.160399183540682
0.295689711598104	0.160905814817992
0.296872397441757	0.161068212549340
0.303735554280989	0.161521945860807
0.308813884216633	0.164842695135163
0.311383196960119	0.165856997355254
0.317380989999598	0.167845778261871
0.318873345123730	0.168206167799818
0.323815184737226	0.166855347860325
0.325500464866731	0.167554755845623
0.329562030957496	0.170283794930534
0.332004752715995	0.173354906253150
0.334637492804817	0.174743247723043
0.339950991238431	0.174799958885938
0.341658053736828	0.175087953307916
0.343092291169780	0.175118185653953
0.348208897171890	0.174260619426673
0.352077717712291	0.175116315957607
0.358833392275021	0.175783680994458
0.360728507644772	0.175867941174104
0.365885266318134	0.175549702917172
0.369206826522104	0.175855859246521
0.371940686554854	0.176167483031517
0.377734748848448	0.178548139717936
0.379221316061276	0.178834661652267
0.380553639686150	0.179562673471941
0.380906776076167	0.180120636871564
0.386355724688882	0.182170640638007
0.388854544665783	0.184343471352455
0.393181255675702	0.187801960682360
0.395093574212882	0.188829947500657
0.396619792124935	0.189402805342576
0.399012418415117	0.190179324962993
0.403859362018013	0.190428496314931
0.407953014745442	0.191423547156566
0.412343292555271	0.192976532754633
0.416904331181295	0.192366673883985
0.420215313561088	0.193024173291137
0.425541492537984	0.195622090445674
0.426397454439983	0.195711421078075
0.426858138777832	0.196136839035034
0.427084927610916	0.196499691212928
0.430426733120110	0.198148571106193
0.433400595950490	0.199373005260676
0.438386408681926	0.199014885555584
0.442712147555500	0.199656225479896
0.446802506873049	0.199699101330978
0.449052974616089	0.202718768245988
0.449492442965389	0.203207400579647
0.450198996877106	0.204094809746393
0.454507539122488	0.206482344611101
0.457763851798973	0.208766786324319
0.460246086528843	0.210516467548960
0.463684763679121	0.212516511257865
0.470533910542330	0.213910192756696
0.472435343476938	0.215398591416646
0.475723860751309	0.216589676809354
0.476825820006597	0.218796479458172
0.479009672480446	0.224666861740149
0.480846557437277	0.228383991567231
0.481600665958952	0.229168745027824
0.482371491439842	0.229935345927629
0.485248158485932	0.230287806838936
0.486317436723662	0.231163207830956
0.493063487779359	0.247394002110153
0.493672112739786	0.234034312154598
0.493747246217653	0.237919856629524
0.493999695262274	0.250301110209216
0.494126881370962	0.251811281793012
0.494969935282778	0.241256976540815
0.495305594675191	0.244524929060348
0.496655136020912	0.263004994186784
0.496940080867008	0.263828615514177
0.496991474539352	0.267660274941520
0.497069385528690	0.256857087163879
0.499148225869799	0.270201131507831
0.499667365875772	0.276682040290914
0.499702942964296	0.277163699690609
0.500000000000000	0.278766483730865
